00031
00034
00039
00050
00122
00148
00177
00190
00191
00200
00208
00209
00251
00253
00255
00297
00335
00350
00406
00408
00415
00438
00442
00476
00481
00483
00484
00565
00571
00601
00604
00637
00684
00695
00811
00817
00822
00834
00851
00903
00940
00941
00942
00955
00970
00972
00973
00975
00987
00990
00998
01003
01007
01010
01012
01015
01018
01019
01034
01036
01053
01059
01062
01064
01065
01088
01104
01119
01122
01160
01272
01284
01307
01308
01311
01318
01328
01330
01346
01347
01351
01358
01369
01376
01382
01383
01391
01415
01418
01420
01444
01452
01463
01482
01489
01490
01492
01515
01530
01531
01533
01539
01550
01551
01552
01558
01578
01598
01606
01693
01694
01695
01712
01720
01721
01725
01739
01740
01741
01756
01757
01768
01835
1844
01851
01869
01872
01906
01915
01916
01917
01920
01924
01935
01940
01947
02041
02042
02075
02080
02096
02154
02218
02307
02318
02334
02365
02388
02467
02506
02516
02517
02518
02519
02520
02522
02523
02526
02527
02529
02530
02533
02534
02535
02543
02546
02547
02553
02554
02561
02563
02567
02571
02609
02611
02612
02619
02642
02653
02659
02669
02680
02713
02715
02719
02725
02726
02730
02731
02733
02734
02735
02741
02747
02749
02750
02752
02754
02757
02766
02770
02778
02783
02807
02821
02822
02842
02843
02852
02853
02855
02856
02861
02868
02869
02874
02889
02890
02892
02893
03056
03065
03069
03074
03077
03078
03079
03081
03084
03085
03086
03093
03095
03097
03098
03121
03123
03126
03149
03151
03302
03363
03364
03369
03378
03380
03382
03388
03389
03390
03402
03403
03417
03435
03438
03440
03484
03498
03507
03510
03685
03692
03704
03705
03706
03707
03739
03740
03786
03803
03827
03830
03831
03832
03835
03836
03838
03862
03870
03877
03888
03896
03897
03902
03904
03914
03923
03982
03994
04033
04034
04035
04077
04079
04080
04096
04097
04098
04099
04109
04124
04125
04179
04196
04246
04259
04269
04270
04271
04278
04279
04312
04314
04315
04316
04319
04320
04325
04326
04327
04329
04330
04346
04347
04356
04359
04383
04423
04444
04497
04508
04517
04527
04531
04534
04536
04542
04545
04546
04568
04677
04678
04690
04728
04739
04741
04745
04822
04836
04885
04901
04911
04977
05000
05086
05128
05142
05144
05149
05151
05193
05196
05204
05205
05206
05207
05219
05228
05231
05233
05236
05238
05239
05244
05245
05246
05247
05248
05249
05251
05253
05259
05276
05294
05301
05306
05319
05321
05322
05323
05324
05325
05326
05327
05328
05329
05330
05331
05332
05333
05334
05335
05337
05338
05339
05340
05341
05342
05343
05344
05345
05346
05348
05349
05350
05351
05352
05353
05356
05357
05358
05359
05360
05367
05368
05371
05372
05373
05374
05375
05376
05377
05378
05379
05380
05381
05382
05383
05384
05385
05386
05387
05388
05389
05390
05391
05392
05393
05394
05396
05397
05398
05399
05400
05401
05402
05403
05404
05405
05406
05407
05408
05409
05410
05411
05412
05415
05416
05418
05419
05420
05421
05422
05423
05424
05425
05427
05428
05429
05430
05433
05434
05435
05440
05443
05444
05445
05447
05449
05452
05453
05454
05458
05467
05496
05497
05498
05505
05511
05514
05516
05517
05518
05519
05520
05521
05522
05524
05533
05558
05564
05570
05592
05593
05594
05597
05598
05599
05600
05601
05602
05603
05604
05605
05606
05609
05610
05612
05613
05614
05615
05616
05617
05618
05619
05620
05621
05622
05624
05626
05627
05628
05629
05630
05632
05633
05637
05638
05641
05642
05644
05645
05649
05650
05652
05654
05655
05656
05657
05658
05659
05660
05661
05662
05663
05664
05665
05667
05668
05669
05670
05677
05678
05679
05680
05681
05682
05683
05684
05685
05686
05687
05688
05690
05691
05692
05693
05694
05695
05696
05697
05698
05699
05701
05702
05704
05705
05706
05707
05709
05710
05711
05712
05713
05714
05715
05718
05720
05722
05723
05724
05725
05726
05727
05728
05730
05731
05732
05733
05734
05735
05736
05737
05738
05739
05740
05741
05742
05743
05744
05745
05746
05747
05748
05749
05752
05755
05756
05757
05758
05759
05760
05761
05762
05763
05764
05766
05767
05768
05769
05770
05771
05772
05773
05774
05775
05776
05777
05779
05833
05834
05851
05890
05912
05915
05916
05921
05925
05928
05929
05945
05953
05954
05966
05968
05979
05982
05997
06008
06009
06019
06023
06057
06058
06062
06090
06111
06148
06151
06152
06156
06159
06160
06164
06167
06175
06176
06177
06208
06213
06214
06224
06235
06272
06286
06291
06306
06319
06320
06414
06415
06425
06464
06470
06472
06474
06476
06487
06498
06528
06589
06594
06614
06625
06643
06672
06688
06714
06727
06775
06778
06782
06793
06829
06837
06873
06908
06912
06947
07075
07094
07119
07220
07222
07230
07250
07256
07267
07273
07282
07285
07290
07297
07298
07300
07304
07307
07310
07319
07342
07351
07356
07367
07387
07444
07480
07535
07566
07604
07605
07621
07637
07653
07661
07674
07711
07743
07747
07754
07758
07762
07780
07813
08101
08219
08221
08545
08457
08565
08808
09122
09143
09144
09145
09146
09177
09179
09182
09189
09191
09193
09194
09195
09196
09199
09207
09224
09225
09226
09230
09231
09232
09234
09238
09255
09256
09269
09271
09274
09283
09299
09312
09315
09324
09341
09373
09406
09427
09452
09453
09467
09469
09473
09477
09478
09628
09840
09848
09881
09892
09920
09922
09996
09999
10000
10014
10018
10041
10042
10050
10055
10059
10071
10092
10093
10134
10135
10138
10141
10144
10145
10146
10147
10152
10191
10192
10202
10267
10281
10312
10316
10340
10369
10375
10394
10404
10563
10997
11138
11203
11229
11273
11335
11357
11389
11391
11393
11404
11406
11417
11518
11529
11534
11578
11579
11589
11594
11595
11600
11601
11609
11610
11611
11613
11631
11632
11633
11638
11646
11647
11648
11649
11650
11651
11653
11654
11655
11657
11658
11668
11670
11672
11684
11685
11686
11690
11726
11743
11766
11772
11791
11804
11806
11817
11818
11821
11822
11826
11829
11838
11847
11875
11914
11949
11950
11951
11952
11953
11954
11955
11956
11957
11959
11960
11961
11962
11963
11997
11998
11999
12001
12004
12005
12007
12014
12016
12047
12058
12059
12060
12061
12062
12063
12064
12065
12066
12067
12068
12069
12070
12071
12074
12075
12076
12077
12078
12081
12082
12083
12084
12085
12086
12087
12088
12089
12090
12091
12092
12095
12096
12097
12098
12099
12100
12101
12103
12105
12106
12107
12108
12110
12111
12131
12184
12200
12201
12202
12208
12209
12295
12356
12370
12373
12374
12379
12380
12381
12382
12383
12385
12424
12425
12442
12443
12446
12451
12453
12458
12467
12468
12469
12470
12471
12472
12493
12504
12505
12506
12508
12515
12516
12522
12532
12533
12535
12536
12546
12548
12550
12553
12555
12557
12558
12559
12561
12563
12566
12571
12573
12601
12605
12634
12650
12659
12660
12662
12663
12665
12667
12670
12671
12673
12675
12676
12677
12678
12681
12684
12685
12686
12687
12688
12689
12690
12691
12695
12696
12699
12704
12705
12707
12711
12714
12719
12725
12727
12729
12732
12734
12737
12739
12743
12746
12747
12748
12749
12750
12764
12767
12768
12769
12771
12822
12826
12828
12830
12840
12842
12850
12851
12852
12853
12854
12855
12857
12860
12861
12867
12868
12871
12872
12873
12874
12880
12882
12883
12885
12889
12893
12895
12898
12899
12901
12902
12915
12916
12917
12918
12919
12920
12921
12922
12923
12949
12951
12954
12955
12957
12962
12963
12966
12967
12968
12969
12973
12975
12977
12980
12982
12983
12984
12985
12987
12989
12990
12991
12992
12994
12997
13004
13005
13008
13009
13010
13011
13014
13015
13017
13018
13019
13020
13021
13022
13023
13024
13025
13026
13027
13028
13029
13031
13032
13035
13036
13037
13040
13041
13042
13043
13045
13046
13047
13048
13049
13051
13053
13054
13056
13057
13060
13061
13062
13065
13066
13067
13068
13090
13091
13092
13096
13097
13116
13135
13136
13137
13138
13139
13140
13142
13143
13150
13152
13153
13160
13162
13163
13164
13166
13167
13168
13169
13170
13171
13172
13174
13175
13176
13177
13178
13179
13180
13181
13183
13185
13186
13187
13189
13190
13191
13192
13194
13197
13198
13200
13202
13203
13205
13206
13207
13209
13212
13213
13214
13219
13220
13227
13237
13238
13243
13244
13248
13249
13250
13251
13252
13260
13261
13272
13274
13278
13285
13288
13289
13326
13327
13337
13338
13339
13340
13341
13350
13351
13352
13359
13365
13370
13400
13402
13417
13464
13511
13640
13642
13658
13662
13845
14001
14014
14019
14020
14021
14022
14023
14024
14025
14026
14027
14028
14030
14031
14032
14033
14036
14037
14038
14039
14040
14041
14042
14043
14044
14045
14049
14050
14051
14052
14054
14055
14057
14058
14059
14060
14061
14062
14063
14064
14065
14066
14067
14068
14069
14070
14072
14073
14074
14075
14077
14078
14079
14081
14082
14083
14084
14085
14087
14088
14089
14137
14148
14149
14188
14190
14191
14193
14194
14195
14294
14357
14411
14429
14431
14433
14434
14435
14437
14438
14439
14440
14441
14444
14445
14446
14450
14453
14454
14466
14526
14527
14540
14541
14542
14637
14638
14639
14653
14674
14675
14676
14677
14678
14679
14680
14681
14682
14683
14684
14685
14686
14687
14689
14690
14691
14692
14693
14694
14735
14736
14775
14776
14781
14788
14789
14796
14797
14798
14799
14800
14801
14802
14810
14813
14814
14815
14816
14817
14819
14823
14824
14825
14827
14828
14829
14830
14831
14838
14839
14841
14842
14843
14844
14846
14847
14851
14875
14876
14880
14881
14882
14883
14884
14888
14889
14890
14891
14892
14893
14894
14898
14899
14900
14901
14902
14903
14904
14905
14906
14907
14911
14912
14914
14915
14918
14922
14923
14925
14926
14927
14928
14930
14931
14932
14935
14936
14937
14939
14940
14942
14945
14947
14956
14966
14967
14968
14969
14970
14971
14972
14973
14974
14981
14982
14984
14990
15014
15023
15026
15057
15075
15076
15127
15128
15129
15130
15151
15152
15163
15164
15180
15204
15233
15417
15418
15419
15420
15421
15422
15423
15424
15425
15426
15427
15428
15429
15430
15431
15432
15433
15448
15449
15459
15461
15464
15467
15468
15469
15470
15471
15472
15473
15474
15475
15476
15489
15502
15574
15598
15655
15656
15657
15658
15659
15660
15661
15662
15663
15664
15665
15666
15667
15668
15669
15670
15671
15672
15673
15674
15675
15676
15677
15678
15679
15680
15681
15682
15683
15684
15685
15687
15688
15689
15690
15691
15692
15693
15694
15695
15696
15697
15698
15699
15700
15701
15702
15703
15704
15705
15706
15707
15708
15709
15710
15711
15712
15713
15714
15715
15716
15717
15718
15719
15720
15721
15722
15723
15724
15725
15726
15727
15728
15729
15730
15731
15746
15911
15929
15937
15952
16025
16026
16165
16177
16179
16228
16229
16230
16232
16234
16236
16238
16256
16263
16264
16265
16266
16267
16268
16269
16270
16271
16272
16273
16274
16275
16276
16277
16284
16290
16291
16293
16294
16295
16343
16349
16350
16409
16421
16443
16597
16600
16603
16762
16838
16841
16842
16843
16858
16887
16903
16904
16905
16934
16972
16975
16981
16984
16985
16986
16987
16989
16990
16991
16996
17059
17060
17061
17062
17063
17065
17066
17067
17068
17069
17070
17071
17072
17073
17074
17075
17076
17077
17078
17080
17081
17085
17086
17087
17088
17089
17090
17091
17092
17093
17095
17096
17097
17098
17103
17104
17105
17106
17107
17108
17110
17111
17112
17113
17114
17115
17116
17117
17120
17125
17127
17128
17129
17130
17134
17136
17138
17140
17144
17145
17146
17147
17148
17150
17151
17152
17153
17154
17155
17156
17158
17162
17167
17173
17175
17182
17186
17188
17189
17190
17193
17195
17198
17202
17203
17205
17207
17210
17211
17213
17217
17219
17220
17221
17222
17226
17228
17231
17235
17241
17246
17248
17249
17250
17251
17252
17253
17254
17255
17256
17260
17261
17262
17263
17264
17265
17266
17267
17268
17269
17270
17271
17272
17273
17274
17275
17276
17277
17285
17288
17291
17293
17296
17297
17298
17299
17302
17303
17305
17306
17309
17312
17315
17317
17318
17326
17332
17336
17340
17345
17347
17348
17350
17351
17353
17354
17358
17359
17362
17364
17366
17370
17371
17375
17385
17395
17396
17397
17398
17401
17416
17420
17423
17425
17427
17430
17433
17435
17436
17437
17438
17439
17440
17444
17447
17448
17449
17450
17460
17464
17465
17467
17469
17472
17475
17477
17480
17485
17492
17496
17498
17510
17511
17512
17513
17516
17517
17518
17519
17520
17521
17522
17527
17532
17537
17538
17541
17542
17547
17549
17553
17555
17557
17561
17565
17570
17575
17576
17577
17578
17579
17583
17586
17587
17588
17589
17590
17591
17592
17594
17595
17596
17597
17598
17600
17603
17604
17605
17606
17607
17608
17609
17610
17613
17614
17615
17618
17619
17620
17622
17624
17626
17629
17632
17633
17634
17635
17637
17638
17639
17640
17641
17642
17644
17645
17646
17647
17648
17649
17650
17651
17652
17653
17654
17655
17656
17659
17660
17661
17662
17663
17664
17665
17666
17668
17669
17670
17672
17673
17674
17680
17683
17687
17693
17700
17705
17706
17707
17708
17709
17710
17711
17719
17721
17723
17729
17731
17733
17735
17736
17737
17738
17739
17740
17741
17742
17744
17745
17748
17749
17750
17752
17754
17755
17756
17758
17759
17764
17766
17767
17769
17776
17778
17779
17780
17781
17782
17783
17786
17787
17789
17790
17792
17793
17795
17796
17797
17798
17799
17800
17801
17802
17803
17804
17805
17806
17807
17808
17809
17810
17812
17813
17815
17819
17820
17822
17823
17824
17825
17827
17830
17831
17832
17833
17835
17837
17838
17839
17841
17842
17843
17844
17845
17846
17847
17850
17851
17852
17853
17854
17855
17856
17857
17858
17859
17860
17861
17862
17863
17864
17866
17867
17868
17869
17870
17872
17873
17874
17875
17876
17877
17878
17879
17880
17881
17882
17883
17884
17885
17886
17887
17888
17889
17890
17891
17892
17894
17895
17896
17897
17898
17899
17900
17901
17902
17903
17904
17905
17906
17907
17908
17909
17911
17912
17915
17917
17918
17920
17921
17922
17923
17924
17926
17927
17928
17930
17932
17933
17934
17935
17936
17937
17938
17941
17942
17943
17944
17945
17946
17947
17948
17949
17950
17951
17952
17953
17954
17955
17956
17957
17958
17959
17960
17961
17962
17963
17964
17965
17966
17967
17968
17969
17970
17971
17973
17974
17976
17978
17979
17980
17981
17982
17983
17984
17986
17987
17989
17990
17991
17992
17993
17994
17995
18125
18347
18362
18420
18491
18509
18528
18737
18973
19040
19045
19066
19116
19117
19148
19334
19603
19648
19734
19736
19772
19783
19811
19819
19903
19904
19905
19906
19907
19908
19910
20030
20031
20038
20059
20101
20188
20224
20361
20367
20375
20393
20397
20408
20409
20424
20432
20437
20439
20460
20461
20475
20563
20693
20695
20732
20747
20861
20862
20863
20864
20866
20867
20869
20870
20871
20872
20873
20874
20875
20876
20877
20879
20881
20882
20885
20886
20890
20892
20893
20895
20896
20897
20898
20899
20900
20901
21469
21475
21480
21482
21483
21520
21668
21673
21674
21675
21678
21679
21680
21681
21702
21704
21705
21707
21708
21709
21723
21727
21730
21731
21784
21785
21786
21795
21796
21797
21798
21801
21802
21803
21804
21830
21836
21838
21840
21842
21851
21853
21854
21855
21856
21857
21858
21874
21876
21877
21878
21879
21880
21882
21883
21884
21885
21886
21888
21889
21890
21891
21902
21904
21912
21935
21944
21958
21958
22016
22018
22019
22027
22028
22035
22038
22039
22044
22054
22057
22062
22063
22064
22066
22080
22081
22082
22083
22084
22085
22086
22087
22088
22092
22093
22094
22100
22120
22248
22384
22392
22394
22394
22416
22471
22583
22677
22732
22785
22824
22829
22839
23377
23435
23438
23439
23441
23442
23443
23444
23445
23446
23447
23448
23449
23450
23451
23452
23453
23454
23455
23456
23457
23458
23460
23461
23462
23463
23465
23466
23467
23468
23479
23481
23482
23483
23484
23485
23486
23487
23488
23489
23490
23491
23492
23493
23494
23495
23496
23497
23498
23499
23500
23501
23502
23504
23505
23506
23507
23508
23509
23540
23572
23573
23577
23587
23603
23614
23615
23616
23617
23618
23619
23620
23621
23622
23623
23624
23626
23627
23628
23629
23630
23632
23633
23634
23635
23636
23637
23638
23639
23640
23641
23642
23643
23644
23645
23646
23647
23648
23649
23650
23651
23652
23691
23757
24181
24192
24321
24334
24352
24468
25750
26512
27638
27683
27719
27725
27741
27745
27746
27747
27748
27749
27750
27751
27752
27753
27754
27755
27756
27757
27758
27759
27760
27761
27762
27763
27764
27765
27766
27767
27768
27769
27770
27771
27772
27773
27774
27775
27776
27777
27778
27779
27780
27781
27782
27783
27784
27785
27786
27787
27788
27789
27790
27791
27792
27793
27794
27795
27796
27797
27798
27799
27800
27801
27802
27803
27804
27805
27806
27807
27808
27809
27810
27811
27812
27813
27814
27815
27816
27818
27819
27820
27821
27822
27823
27824
27825
27826
27827
27828
27829
27830
27832
27835
27836
27837
27838
27839
27840
27841
27842
27843
27844
27845
27846
27847
27848
27850
27851
27852
27853
27854
27855
27856
27857
27858
27859
27860
27861
27862
27863
27864
27865
27866
27867
27869
27872
27873
27874
27875
27876
27877
27878
27879
27880
27881
27882
27883
27884
27885
27886
27887
27888
27889
27890
27891
27892
27893
27894
27895
27896
27897
27898
27899
27900
27901
27902
27903
27904
27905
27906
27907
27908
27909
27911
27912
27913
27914
27915
27916
27917
27918
27919
27920
27921
27922
27923
27924
27925
27926
27927
27928
27929
27930
27931
27932
27933
27934
27935
27936
27937
27938
27939
27940
27941
27942
27943
27944
27945
27946
27947
27948
27949
27950
27951
27952
27953
27954
27955
27956
27957
27958
27959
27960
27961
27962
27963
27964
27965
27966
27967
27968
27969
27970
27971
27972
27973
27974
27975
27976
27977
27978
27979
27980
27981
27982
27983
27984
27985
27986
27987
27988
27989
27990
27991
27992
27993
27994
27995
27996
27997
27998
27999
28000
28001
28002
28003
28004
28005
28006
28007
28008
28009
28010
28011
28012
28013
28014
28015
28016
28017
28018
28019
28020
28021
28022
28023
28024
28025
28026
28027
28028
28029
28030
28031
28032
28033
28034
28035
28036
28037
28038
28039
28040
28041
28042
28043
28044
28045
28046
28047
28048
28049
28050
28051
28052
28053
28054
28055
28056
28057
28058
28059
28060
28061
28062
28063
28064
28065
28066
28067
28068
28069
28070
28071
28072
28073
28074
28075
28076
28077
28078
28079
28080
28081
28082
28083
28084
28085
28086
28087
28088
28089
28090
28091
28092
28093
28094
28095
28096
28097
28098
28099
28100
28101
28102
28103
28104
28105
28106
28107
28108
28109
28110
28111
28112
28113
28114
28115
28116
28117
28118
28119
28120
28121
28122
28123
28124
28125
28126
28127
28128
28129
28130
28131
28132
28133
28134
28135
28136
28137
28138
28139
28140
28141
28142
28143
28144
28145
28146
28147
28148
28149
28150
28151
28152
28153
28154
28155
28156
28157
28158
28159
28160
28161
28162
28163
28164
28165
28166
28167
28168
28169
28170
28171
28172
28173
28174
28175
28176
28177
28178
28179
28180
28181
28182
28183
28184
28185
28186
28187
28188
28189
28190
28191
28192
28193
28194
28195
28196
28197
28198
28199
28200
28201
28202
28203
28204
28206
28207
28208
28209
28210
28211
28212
28213
28214
28215
28216
28217
28218
28220
28221
28222
28225
28226
28227
28228
28229
28230
28231
28232
28233
28234
28235
28236
28237
28238
28239
28240
28241
28242
28243
28244
28245
28246
28247
28248
28249
28250
28251
28252
28253
28254
28255
28256
28257
28258
28259
28260
28261
28262
28263
28264
28265
28268
28269
28270
28271
28272
28273
28274
28275
28276
28277
28278
28279
28280
28281
28282
28283
28284
28285
28286
28287
28288
28289
28290
28291
28292
28293
28294
28295
28296
28297
28298
28299
28300
28301
28302
28303
28304
28305
28306
28307
28308
28309
28310
28311
28313
28314
28315
28317
28318
28319
28320
28321
28322
28323
28324
28325
28326
28327
28328
28329
28330
28331
28332
28333
28334
28335
28336
28337
28338
28339
28340
28341
28342
28343
28344
28345
28346
28347
28348
28349
28350
28351
28352
28353
28354
28355
28356
28357
28358
28359
28360
28361
28362
28363
28369
28370
28371
28372
28373
28374
28375
28376
28377
28378
28379
28380
28381
28382
28383
28384
28385
28386
28387
28388
28389
28390
28391
28392
28393
28394
28395
28396
28397
28398
28399
28400
28401
28402
28403
28404
28405
28406
28407
28408
28409
28410
28411
28412
28413
28414
28415
28416
28417
28418
28419
28420
28421
28422
28423
28424
28425
28426
28427
28428
28429
28430
28431
28432
28433
28434
28435
28436
28437
28438
28439
28440
28441
28442
28443
28444
28445
28446
28447
28448
28449
28450
28451
28452
28453
28454
28455
28456
28457
28458
28459
28460
28461
28462
28463
28464
28465
28466
28467
28468
28469
28470
28471
28472
28473
28474
28475
28476
28477
28478
28479
28480
28481
28482
28483
28484
28485
28486
28487
28488
28489
28490
28491
28492
28493
28494
28495
28496
28497
28498
28499
28500
28501
28502
28503
28504
28505
28506
28507
28508
28509
28510
28511
28512
28513
28514
28515
28516
28517
28518
28519
28520
28521
28522
28523
28524
28525
28526
28527
28528
28529
28530
28531
28532
28533
28534
28535
28536
28537
28538
28539
28540
28541
28542
28543
28544
28545
28546
28547
28548
28549
28550
28551
28552
28553
28554
28555
28556
28557
28558
28559
28559
28560
28561
28562
28563
28564
28565
28566
28567
28568
28569
28570
28571
28572
28573
28574
28575
28576
28577
28578
28579
28580
28581
28582
28583
28584
28585
28587
28588
28592
28594
28595
28597
28598
28599
28600
28601
28602
28603
28604
28605
28606
28607
28608
28609
28610
28611
28613
28614
28615
28619
28620
28621
28624
28625
28626
28627
28628
28629
28630
28631
28632
28633
28634
28635
28636
28637
28638
28639
28640
28641
28642
28643
28644
28645
28646
28647
28648
28649
28650
28651
28652
28653
28654
28655
28656
28657
28658
28659
28660
28661
28662
28663
28664
28665
28666
28667
28668
28669
28670
28671
28672
28673
28674
28675
28676
28677
28678
28679
28680
28681
28682
28683
28684
28685
28686
28687
28688
28689
28690
28691
28692
28693
28694
28695
28696
28697
28698
28699
28700
28701
28702
28703
28704
28705
28706
28707
28708
28709
28710
28711
28712
28713
28714
28715
28716
28717
28718
28719
28720
28721
28722
28723
28724
28725
28726
28727
28728
28729
28730
28731
28732
28733
28734
28735
28736
28737
28738
28739
28740
28741
28742
28743
28744
28745
28746
28747
28748
28749
28750
28751
28752
28753
28754
28755
28756
28757
28758
28759
28760
28761
28762
28763
28764
28765
28766
28767
28768
28769
28770
28771
28772
28773
28774
28775
28776
28777
28778
28779
28780
28781
28782
28783
28784
28785
28786
28787
28788
28789
28790
28791
28792
28793
28794
28795
28796
28797
28798
28799
28800
28801
28802
28803
28804
28805
28806
28807
28808
28809
28810
28811
28812
28813
28814
28815
28816
28817
28818
28819
28820
28821
28822
28823
28824
28825
28826
28827
28828
28829
28830
28831
28832
28833
28834
28835
28836
28837
28838
28839
28840
28841
28842
28843
28844
28845
28846
28847
28848
28849
28850
28851
28852
28853
28854
28855
28856
28857
28858
28859
28860
28861
28862
28863
28864
28865
28866
28867
28868
28869
28870
28871
28872
28873
28874
28875
28876
28877
28878
28879
28880
28881
28882
28883
28884
28885
28886
28887
28888
28889
28890
28891
28892
28893
28894
28895
28896
28897
28898
28899
28900
28902
28903
28904
28905
28906
28907
28908
28909
28910
28911
28912
28913
28914
28915
28916
28917
28918
28919
28920
28921
28922
28923
28924
28925
28926
28927
28928
28929
28930
28931
28932
28933
28934
28935
28936
28937
28938
28939
28940
28941
28942
28943
28944
28945
28946
28947
28948
28949
28950
28951
28952
28953
28954
28955
28956
28957
28958
28959
28960
28961
28962
28963
28964
28965
28966
28967
28968
28969
28970
28971
28972
28973
28974
28975
28976
28977
28978
28979
28980
28981
28982
28983
28984
28985
28986
28987
28988
28989
28990
28991
28992
28993
28994
28995
28996
28997
28998
28999
29000
29001
29002
29003
29004
29005
29006
29007
29008
29009
29010
29011
29012
29013
29014
29015
29016
29017
29018
29019
29020
29021
29022
29023
29024
29025
29026
29027
29028
29029
29030
29031
29032
29033
29034
29035
29036
29037
29038
29039
29040
29041
29042
29043
29044
29045
29046
29047
29048
29049
29050
29051
29052
29053
29054
29055
29056
29057
29058
29059
29060
29061
29062
29063
29064
29065
29066
29067
29068
29069
29070
29071
29072
29073
29074
29075
29076
29077
29078
29079
29080
29081
29082
29083
29084
29085
29086
29087
29088
29089
29090
29091
29092
29093
29094
29095
29096
29097
29098
29099
29100
29101
29102
29103
29104
29105
29106
29107
29108
29109
29110
29111
29112
29113
29114
29115
29116
29117
29118
29119
29120
29121
29122
29123
29124
29125
29126
29127
29128
29129
29130
29131
29132
29133
29134
29135
29136
29137
29138
29139
29140
29141
29142
29143
29144
29145
29146
29147
29148
29149
29150
29151
29152
29153
29154
29155
29156
29157
29158
29159
29160
29161
29162
29163
29164
29165
29166
29167
29168
29169
29170
29171
29172
29173
29174
29175
29176
29177
29178
29179
29180
29181
29182
29183
29184
29185
29186
29187
29188
29189
29190
29191
29192
29193
29194
29195
29196
29197
29198
29199
29200
29201
29202
29203
29204
29205
29206
29207
29208
29209
29210
29211
29212
29213
29214
29215
29216
29217
29218
29219
29220
29221
29222
29223
29224
29225
29226
29227
29228
29229
29230
29231
29232
29233
29234
29235
29236
29237
29238
29239
29240
29241
29242
29243
29244
29245
29246
29247
29248
29249
29250
29251
29252
29253
29254
29255
29256
29257
29258
29259
29260
29261
29262
29263
29264
29265
29266
29267
29268
29269
29270
29271
29272
29273
29274
29275
29276
29277
29278
29279
29280
29281
29282
29283
29284
29285
29286
29287
29288
29289
29290
29291
29292
29293
29294
29295
29296
29297
29298
29299
29300
29301
29302
29303
29304
29305
29306
29307
29308
29309
29310
29311
29312
29313
29314
29315
29316
29317
29318
29319
29320
29321
29322
29323
29324
29325
29326
29327
29328
29329
29330
29331
29332
29333
29334
29335
29336
29337
29338
29339
29340
29341
29342
29343
29344
29345
29346
29347
29348
29349
29350
29351
29352
29353
29354
29355
29356
29357
29358
29359
29360
29361
29362
29363
29364
29365
29366
29367
29368
29369
29370
29371
29372
29373
29374
29375
29376
29377
29378
29379
29380
29381
29382
29383
29384
29385
29386
29387
29388
29389
29390
29391
29392
29393
29394
29395
29396
29397
29398
29399
29400
29401
29402
29403
29404
29405
29406
29407
29408
29409
29410
29411
29412
29413
29414
29415
29416
29417
29418
29419
29420
29421
29422
29423
29424
29425
29426
29427
29428
29429
29430
29431
29432
29433
29434
29435
29436
29437
29438
29439
29440
29441
29442
29443
29444
29445
29446
29447
29448
29449
29450
29451
29452
29453
29454
29455
29456
29457
29458
29459
29460
29461
29462
29463
29464
29465
29466
29467
29468
29469
29470
29471
29472
29473
29474
29475
29476
29477
29478
29479
29480
29481
29482
29483
29484
29485
29486
29487
29488
29489
29490
29491
29492
29493
29494
29495
29496
29497
29498
29499
29500
29501
29502
29503
29504
29505
29506
29507
29508
29509
29510
29511
29512
29513
29514
29515
29516
29517
29518
29519
29520
29521
29522
29523
29524
29525
29526
29527
29528
29529
29530
29531
29532
29533
29534
29535
29536
29537
29538
29539
29540
29541
29542
29543
29544
29545
29546
29547
29548
29549
29550
29551
29552
29553
29554
29555
29556
29557
29558
29559
29560
29561
29562
29563
29564
29584
29585
29586
29588
29589
29590
29591
29592
29593
29594
29595
29596
29598
29599
29600
29601
29603
29604
29605
29606
29608
29609
29610
29611
29612
29613
29616
29617
29618
29619
29620
29621
29622
29623
29624
29625
29626
29627
29628
29629
29630
29631
29632
29633
29634
29635
29636
29637
29638
29639
29640
29641
29642
29643
29644
29645
29646
29647
29648
29649
29650
29656
29657
29658
29659
29660
29661
29662
29664
29665
29666
29667
29668
29669
29670
29671
29672
29673
29674
29675
29676
29677
29678
29679
29680
29681
29682
29683
29684
29685
29686
29687
29689
29708
29709
29710
29711
29712
29713
29714
29715
29716
29717
29718
29719
29720
29721
29722
29723
29724
29725
29726
29727
29728
29729
29730
29731
29732
29733
29734
29735
29736
29737
29738
29739
29740
29741
29742
29743
29744
29745
29746
29747
29748
29749
29750
29751
29752
29753
29754
29755
29756
29757
29758
29759
29760
29761
29762
29763
29764
29765
29766
29767
29768
29769
29770
29771
29772
29773
29774
29775
29776
29777
29778
29779
29780
29781
29782
29783
29784
29785
29786
29787
29788
29789
29790
29791
29792
29793
29794
29795
29796
29797
29798
29799
29800
29801
29802
29803
29804
29805
29806
29807
29808
29809
29810
29811
29812
29813
29814
29815
29816
29817
29818
29819
29820
29821
29822
29823
29824
29825
29826
29827
29828
29829
29830
29831
29832
29834
29936
30005
30015
30021
30025
30033
30039
30044
30049
30050
30058
30059
30062
30160
30331
30439
30455
30585
30622
30641
30673
30698
30698
30771
30805
30806
30830
30832
30890
30894
30902
30910
30931
30993
31084
31141
31156
31157
31172
31215
31220
31469
31495
31619
31699
32094
32103
32480
32863
32928
32957
33450
33478
33706
33820
33880
34269
34653
35369
35574
36307
36543
37342
37343

