
00001. 



00002. 

01860, C2. 



00003. 



01294. 



00400. 



01735. 



01293. 



00314. 



00315. 



00308. 



00549. 



00313. 



00307. 



00312. 



00310. 



00554. 



01854. 



00388. 



00309. 



00552. 



01913. 



00311. 



00316. 



00386. 



00405. 



00021. 

00019, C2. 



00020. 



02396. 



01736. 



00383. 



00417. 



00385. 



00014. 



00015. 



00013. 



01865. 



00041. 



02357. 



00396. 



04328. 



04322. 



10264. 



04242. 



01933. 



02536. 



32223. 



32244. 



01938. 



07422. 



01936. 



32224. 



10044. 

09148, C2. 

13553, C3. 



01914. 



09188. 



02552. 



32225. 



10314. 



09201. 



10128. 



09198. 



09186. 



03080. 



03829. 



10069. 



02531. 



02560. 



09187. 



04272. 

04318, C2. 



01912. 



03834. 



02542. 



10149. 



04238. 



04267. 



02559. 



07814. 



15133. 



15134. 



21473. 



22392. 



22393. 



22395. 



27722. 



27721. 



22828. 



00209. 

00208, C2 WITHDRAWN. 



00684 



02534 



01919 



10093 



01909. 



01940 



00940 



00942. 

27716, C2 



10394 



13352. 

13402, C2. 

22824, C3 



07604. 

01916, C2 WITHDRAWN. 



04246. 



07297 



02533. 

02612, C2. 

03835, C3 



00251 WITHDRAWN. 



02561 



07566. 

16177, C2. 



03830. 

01917 WITHDRAWN. 



00941. 



04330 



03832. 

02611, C2 



03836 



02516 



00476 WITHDRAWN. 



01935 



03828. 



00253 WITHDRAWN 



10281 



07307 



15127 



21483 



21475 



27717. 



30313. 



07605 



10054. 



10057. 



04319. 

04271, C2. 



09191 



07563. 



07565. 



02529 



07612. 



10193. 



10148. 



02546 



09189 



10058. 



09197. 



04329 



04320. 



10265. 



10312 



03069 



02518 



04321. 



10134 



10053. 



16231. 



16232 



20438. 



21472. 



21474. 



27720. 



21477. 



27723. 



27724. 



27718. 



09232. 



09226 



10144 



09193 



10071 



10059. 



04270 



10267 



15128. 



16234 



16236. 



16229. 



21480. 



10316 



10147 



09146 



02517. 



10138 



02554. 



09225 



10192. 



10145 



03079. 



16238 



16235. 



16230 BOMBAY[TBW]. 



10146. 



01878. 



02607. 



03064. 



02539. 



09228. 



10129. 



04333. 



09144. 



10056. 



10189. 



09231. 



10340. 



09230. 



09194. 



04327. 



10190. 



03068. 



09199. 



00190 WITHDRAWN. 



09233. 



09195. 



02520 



10051. 



10052. 



10279. 



10280. 



09234 



04237. 



02526. 



10050. 



02522. 



04326 [WITHDRAWN]. 



10313. 



03077. 



04273. 



02519 



04316. 



02532. 



02562. 



15130. 



15131. 



15132. 



20441. 



21478. 



27726. 



30315. 



30456. 



01924 



10141. 



03827 



09145. 



02563 



02535 



02527. 



01906 



02609. 

04325, C2 WITHDRAWN. 



04315 



04314 



09312. 



04269. 



09143. 



09224. 



03078 



22394. 



22829. 



15129. 



16233. 



20439. 



20440. 



21481. 



27725. 



27719. 



09196. 



21482. 



21484. 



30455. 



04233. 



02510. 



04300. 



10278. 



04236. 



02523. 



01927. 



04239. 



04311. 



13321. 



10188. 



07805. 



10309. 



16179 



16178. 



16192. 



16195. 



00638. 



04182. 



02548. 



07813 



04234. 



22383. 



30316. 



21476. 



30317. 



09227. 



10320. 



04324. 



13323. 



13324. 

13325, C2 



13356. 



13328. 



13329. 



13330. 



13331. 

13332, C2. 



13333. 



13334. 



13335. 



00947. 



09192. 



04332. 



02693. 



02541, VOL.1. 



03067. 



03826. 



01928. 



01941. 



04388. 



00254. 



04250. 



10204. 



01661. 



14653 



14655. 



21479. 



03838. 



20437. 



13322. 



09200. 



13336. 



13337 



13338 



13339 



13340 



13341 



04243. 



10094. 



04244. 



01907. 



03066. 



01895. 



20436. 



30234. 



03379. 



03802. 



00189. 



00188. 



10133. 



10130. 



00637 



00255 WITHDRAWN. 



09317. 



10150. 



04248. 



03055. 



10319. 



00192. 



02512, V1. 



02513. 



02514, V3. 



02515. 



10276. 



04313. 



07561. 



00250. 



04171. 



10143. 



03063. 



00482. 



00639. 



13342. 



02602. 



10137. 



10139. 

00142, C2. 



09313. 



10136. 



16176. 



04268. 



22389. 



22391. 



30374. 



30458. 



30573. 



07308. 

07451, C2. 



02538. 



00143. 



09358. 



05873. 

00474, C2. 

05872, C3. 



09407. 



01932. 



00249. 



00141. 



07450, C2. 

07449, C1. 



03076. 



00145. 



04331. 



01926. 



00640. 

00475, C2. 



03073. 



02540. 



04312 



00943. 



04245. 



00473. 



13343. 



13344. 



13345. 



13346. 



10339. 



13347. 



13348. 



09325. 



10142. 



02521. 



02537. 



00471. 



03839. 



22456. 



16237. 



22807. 



01925. 



07564. 



01931. 



04303. 



07562. 



02505. 



10269. 



02508. 

10266, C2. 



02556. 



03072. 



00946, VOL.I. 



02555. 



30375. 



01934. 



30459. 



03833. 

02608, C2. 



10277. 



01943. 



01910. 



07803. 



09205. 



09247. 



04340, V1. 

04341, V2. 

04342, V3. 



10349. 



02550. 



04180. 



02549. 



03837. 



01908. 



07806. 



01918. 



04249. 



10395. 



13313, V1. 

13314, V2. 

13315, V3. 



13316. 



13317. 



13318. 



13319. 



13320. 



02606. 



13349. 



04310. 



02551. 



04323. 



32106. 



09190. 



16239. 



00252. 



00140. 



07807. 



02545. 



00144. 



01946. 



00139. 



04334. 



07560. 



04247. 



02544. 



00951. 



02528. 



01937. 



00472. 



02507. 



09326. 

09229, C2. 



05870. 

05871, C2. 



02524. 



02504. 



02511. 



04241. 



04309. 



22455. 



10070. 



02623. 



04235. 



09334. 



02621. 



02558. 



02525. 



02622. 



10311. 



04240. 



02530 



00191 WITHDRAWN 



02506. 

03065, C2 



10042. 



00481 WITHDRAWN 



03074 



03056 



03081. 

10393, C2. 



13353 



10191. 

10041, C2. 



10140. 



02547. 



03831. 



16228. 



09447. 



09444. 



09446. 



09443. 



09235. 



09445. 



13350 



13351 



03070. 



13354. 



13355. 



22825. 



13070. 



13071. 



13072. 



13073. 



13074. 



13075. 

13076, C2. 



13077. 



13078. 



13079. 



13080. 



13081. 



13082. 



13083. 



07675. 



07195. 



04299. 



10351. 



20433. 



03841. 



01883. 



01884. 



01888. 



07740. 



13084. 



13085. 



13086. 



13087. 



13088. 



13089. 



13090. 



13091. 



13093. 



13094. 



13092. 



13095. 



13097. 



13096. 



13098. 



13099. 



13100. 

07401, C2. 



10132. 



09204. 



01890. 



04389. 

07261, C2. 



09448, V1. 



10076. 



04378. 



02884. 



30319. 



21453. 



03296. 



13101. 



13102, V1. 

13103, V2. 



13104. 



02879. 



02702. 



10175. 



30457. 



04307. 



13105. 



13106. 



13107. 



13108. 



13109. 



13110. 



13111. 



13112. 



13113. 



13114. 



13115. 



13116. 



03822. 



02882. 



03842. 



01902. 



01903. 



02878. 



02877. 



13389. 



13390. 



02876. 



02698. 



02880. 



03821. 



10350. 



14543. 



27714. 



29980. 



30318. 



13117. 



13118. 



13119. 



13120. 



13121. 



13123. 



13122. 



01894. 



07260. 



30111. 



30112. 



30113. 



30101. 



30107. 



13124. 



13125. 



13126. 

13127, C2. 



13128. 

13129, C2. 



13130. 



13131. 



13132. 



13133. 



13134. 



09322. 



13135. 

13136, C2 



13137. 



13138. 



13139. 



13140. 



13141. 



13142. 



13143. 



13144. 

13145, C2. 



01900. 

13146, C2. 

13147, C3. 



13148. 



13149. 



13150. 



13152. 



13153. 



13154. 



13155. 



13156. 

13157, C2. 

13158, C3. 

13159, C4. 

13391, C5. 



13160. 

13161, C2. 



01898. 



13151. 

13392, C2. 



01904. 



02795. 



27707. 



27715. 



30314. 



13162. 



13163. 



13164. 



13165. 

13166, C2. 



13167. 



13168. 



13169. 

13170, C2. 



13171. 



13172. 



13173. 



13174. 



13175. 



13176. 



13177. 



13178. 



13179. 



13180. 



13181. 



13182. 



13183. 



13184. 



13185. 



13186. 



13187. 

13188, C2. 



13189. 



13190. 

13191, C2. 



13192. 



13193. 



13195. 



13194. 



13196. 



12620. 



12916. 

12917, C2. 

12918, C3. 

12919, C4. 

12920, C5. 

12921, C6. 

12922, C7. 



12915. 

12923. 



12928. 

12929, C2. 



12926. 

12927, C2. 



12924. 

12925, C2. 



12938. 

12939, C2. 

12940, C3. 



12933. 

12934, C2. 

12935, C3. 

12936, C4. 

12937, C5. 



12930. 

12931, C2. 

13369, C3. 

13371, C4. 



12942. 

12943, C2. 

12944, C3. 

12945, C4. 



12950. 



12949. 



12948. 



12947. 



12946. 



12932. 



12951. 



12952. 



12953. 



12954. 



12956. 



12955. 



12957. 



12961. 



12958. 

12959, C2. 

12960, C3. 



12962. 



12963. 

12964, C2. 



12965. 

12966, C2. 



12967. 



12970. 

12969, C2. 

12968, C3. 



12971. 



12972. 



12973. 



00478. 



07345. 



13372. 

13373, C2. 

12941, C3. 



13378. 

13379, C2. 



13380. 

13381, C2. 

13382, C3. 

13383, C4. 

13384, C5. 



16225. 



12980. 



12974. 



12975. 



12976. 



12977. 



12978. 

12979, C2. 



12981. 



12994. 

12995, C2. 

12996, C3 [WITHDRAWN 1/11/2011 12994]. 



12982. 



12983. 

12984, C2. 



12985. 



12986. 



12987. 



12988. 



12989. 



12990. 



12991. 



12992. 



12993. 



03058. 



07194. 



04304. 



00590. 



00944. 



30104. 



01905. 



10077. 



07447. 

07448, C2. 

23914, C3. 



03823. 



07193. 



09316. 



13400. 



07809. 



13401. 



21455. 



27708. 



12997. 



12998, V I. 

12999, V II. 



13000. 



13001. 



13002. 



13003. 



13004. 



13005. 



13006. 

13007, C2. 



13008. 



13009. 



13010. 



13011. 



13012. 



13015. 



13013. 



13016. 



13018. 

13019, C2. 



13020. 

13021, C2. 



13023. 

13024, C2. 



13025. 

13026, C2. 



13027. 



13028. 



13029. 



13031. 



13030. 



13032. 



13033. 



13034. 



13035. 

13036, C2. 



13037. 



13038. 



13039. 

13040, C2. 



00591. 



15730. 



10332. 



10196. 



00479. 



09321. 



13041. 



13042. 



13043. 



13044. 



13393. 



13045. 



13046. 



13047. 



13048. 



13049. 



13050. 

13051, C2. 

13052, C3. 

13053, C4 , [13051 13053 WITHDRAWN - 1-11-2011]. 



13054. 

13055, C2. 



13056. 

13057, C2. 



13058. 



13059. 



13060. 

13061, C2. 



13062. 

13063, C2. 



13064. 



13065. 



13066. 



13067. 

13068, C2. 

13069, C3 [WITHDRAWN - 1-11-2011, 13067,13068]. 



10333. 



12810. 

12811, C2. 



12812. 

12813, C2. 



12815. 

12814, C2. 

12816, C3. 



12817. 



12818. 



12790. 

12791, C2. 



12792. 

12793, C2. 



12794. 

12795, C. 



12796. 

12797, C2. 



12798. 

12799, C2. 



12800. 



12801. 



00469. 



12802. 



12803. 



12804. 



12805. 



12806. 



12807. 

30714, C2. 

30933, C3. 



12808. 



12809. 



07172. 



09318. 



09319. 



10096. 



27709. 



30332. 



12819. 

12820, C2. 



12821. 

12822, C2. 



12823. 



12824. 



12825. 



12826. 

12827, C. 



12828. 



12829. 



12830. 



30230. 



03845. 



04179. 



07800. 



07801. 



01065. 



12831. 

12832, C2. 



12833. 



12834. 



12835. 



12841. 



12836. 

12837, C2. 

12838, C3. 

12839, C4. 

12840, C5. 

12847, C6 [12840 WITHDRAWN 1-1-2011]. 



12842. 



12843. 



12844. 



12845. 



12846. 



12848. 



09440. 

09439, C2. 



12849. 

12850, C2. 

12851, C3 



12852. 



12853. 



03060. 



03061. 



00468. 



12854. 



12855. 



12857. 



12856. 



12858. 



12859. 



12860. 

12861, C2. 



12862. 



12863. 

12864, C2. 



12865. 



12866. 



12867. 



12868. 



12869. 

12870, C2. 



12871. 



12872. 



12873. 



12874. 



12875. 

12876, C2. 

12877, C3. 



12878. 

12879, C2. 

12880, C3. 



12881. 



12882. 



12883. 



12884. 



12885. 

12887, C2. 



12886. 

 



12888. 



12889. 



12890. 



12891. 



12892. 



12894. 



12893. 



12895. 



12896. 



12897. 



12898. 



12899. 



12900. 



12901. 



12902. 



12903. 



12904. 



12905. 

12908, C2. 



12906. 

12907, C2. 

12909, C3. 

12910, C4. 



02680. 



04301. 

07263. 



01880. 



01879. 



00945. 



02681. 



02682. 



03824. 



02699. 



10195. 



01929. 



12911. 

12912, C2. 



12913. 

12914, C2. 



00948. 



12659. 

12660, C2. 



12661. 



12662. 



12663. 



12664. 



12665, V1. 



12666, V2. 



12667. 

12668, C2. 

13362, C3 [12667 WITDRAWN]. 



13361. 



21454. 



30235. 



12669. 



12671. 

12672, C2. 

12673, C3. 

12674, C4. 

12675, C5. 



12670. 



12676, C6. 

12677, C7. 

12678, C8. 



12679. 

12680, C2. 

12681, C3. 



12682. 

12683, C2. 



12684. 



12685. 



12686. 



12687. 



12688. 



12689. 



12690. 



12696. 

12697, C2. 



12698. 

12699, C2. 

12700, C3. 



12701. 

12702, C2. 



12703. 



09207. 



04172. 



00480. 



01887. 



13376. 



01882. 



22382. 



27711. 



15731. 



12695. 

00477, C2. 



03846. 

07639. 



30373. 



04181. 



12691. 



12692. 



12693. 



12694. 



13377. 



02793. 



12704. 



12705. 



12706. 



12707. 



12708. 



12709. 



12710. 



12711. 



12712. 



12713. 

12714, C2. 

12715, C3. 



12716. 

12717, C2. 

13374, C3. 



12718. 

12719, C2. 



12720. 

12721, C2. 

12722, C3. 



10348. 



00135. 



13375. 

00595, C2. 



22384. 



12723. 



12724. 



12725. 

12726, C2. 

12727, C3. 

12728, C4. 

12729, C5. 



12730, C6. 

12731, C7. 

12732, C8. 

12733, C9. 

12734, C10. 



12735, C11. 

14526, C12. 



12736. 

12737, C2. 

12738, C3 [12737- WITHDRAWN - 1-11-2011]. 



12739. 

12740, C2. 



12741. 



12742. 

12743, C2. 

12744, C3. 

12745, C4. 



12746. 

12747, C2. 



12748. 

12749, C2. 



12750. 



12751. 

12752, C2. 

12753, C3. 



12754. 



12755. 



12756. 



12757. 



12758. 



12759. 



12760. 



12761. 



12762. 



12763. 



12764. 



12765. 



12766. 



12767. 



12768. 



12769. 



12770. 



12771. 



12772. 



12774. 

12773, C2. 

12775, C3. 

12776, C4. 



02678. 



01891. 



13364. 

14542, C2. 



13365. 



13398. 

13399, C2. 

09246, C3. 

14544, C4. 



16227. 



01901. 

02881, C2. 



01896. 



01897. 



12777. 



04302. 



04305. 



02794. 



10039. 

10274, C2. 



12778. 



12779. 



12780. 

12781, C2. 

12782, C3. 

12783, C4. 

13366, C5. 



12784. 

12785, C2. 

12786, C3. 



12787. 



12788. 

13367, C2. 



12789. 

13388, C2. 



13368. 

10270, C2. 



09308. 



01662. 



03844. 



10268. 



01885. 



10078. 



07802. 



10199. 



04306. 



13403. 



13404. 



01930. 



12454. 



12453. 



12456. 



12455. 



12457. 



09320. 



12458. 



07804. 



07652. 



07636. 



03751. 



07640. 



01922. 

07635, C2. 



05877. 

01921, C2. 

05876, C3. 



04386. 



07249. 



12444. 



12443. 



12442. 



12440. 



12448. 



12447. 



12446. 



12445. 



12451. 



12450. 



12449. 



12452. 



12441. 



04387. 



10072. 



07173. 



07638. 



12523. 



12522. 



12521. 



12520. 



12519. 



12518. 



12517. 



12516. 



12515. 



12514. 



12513. 



12512. 



12511. 

12510, C2. 

12509, C3. 



12508. 

12507, C2. 



12528. 

12527, C2. 

12526, C3. 

12525, C4. 

12524, C5. 



12505. 

12506, C2. 



12504. 

12503, C2. 

12502, C3. 



07694. 



13385. 

13395, C2. 



13396. 



14533. 



12467. 

12469, C2. 



12470. 

12471, C2. 

12472, C3. 

12473, C4. 



12468. 



12474. 



12482. 



12479. 

12480, C2. 

12478, C3. 



12465. 

12466, C2. 



12475. 

12476, C2. 

12477, C3. 



12483. 

12484, C2. 

12485, C3. 

12486, C4. 

12487, C5. 



12489, C6. 

12490, C7. 

12491, C8. 

12492, C9. 

12488, C10. 



12495. 

12496, C2. 

12497, C3. 

12498, C4. 



12493. 

12494, C2. 



12499. 

12500, C2. 

12501, C3. 



12464. 



12463. 



12460. 



12461. 



12462. 



03820. 



03062. 



07171. 



01889. 



01886. 



02797. 



12481. 



07196. 



13359. 

13360, C2. 



22387. 



12563. 



12564. 



12565. 

12566, C2. 



12567. 



12568. 



12569. 



12570. 



12571. 



12572. 



12573. 



12574. 



12575. 



12576. 



12577. 



12578. 



12579. 



12580. 



12581. 



12582. 



12583. 



14539. 



15729. 



10194. 



12546. 



12547. 



12548. 



12549. 



12550. 



12551. 



12552. 

12553, C2. 



12554. 

12555, C2. 



12559. 



12556. 

14014, C2. 



12557. 

14015, C2. 



12560. 

12561, C2. 



12562. 



12558. 

14013, C2. 



12541. 



12540. 



12539. 



12537. 

12538, C2. 



12536. 

12535, C2. 



12534. 



12533. 



12532. 



12531. 



12530. 



12529. 



12542. 

12543, C2. 

12544, C3. 

12545, C4. 



00949. 

00950, C2. 



01343. 

12588, C2. 

12585, C3. 



12586. 

12584, C2. 

12587, C3. 



12589. 

12590, C2. 

12591, C3. 



12593. 



12595. 



12594. 



12592. 



12596. 

12597, C2. 

13357, C3. 

14017, C4. 



12598. 



12601. 



12599. 



12600. 



13358. 



12605. 



12603. 



12604. 



01075. 



12606. 



12607. 



12608. 



12609. 



12610. 



12611. 



12602. 



22390. 



12612. 



12613. 



12614. 



07810. 



10131. 



01893. 



02885. 

02886, C2. 



03054. 



03825. 

20434, C2. 



13460. 

12629, C2. 



14673. 



12616. 



12615. 



12617. 



12618. 



12619. 



12621. 



12622. 



12623. 



12624. 



12625. 



12626. 

12627, C2. 

12628, C3. 



03840. 



10075. 

07808, C2. 



00136. 



20431. 



20432. 



27712. 



10073. 



07248. 

16226, C2. 

00137, C3. 



07641. 



09314. 



02696. 



02610. 



00470. 



03057. 



03071. 



03075. 



02694. 



05874. 

05875, C2. 



10095. 



04298. 



00467. 

05868, C2. 

05869, C3. 

30932, C5. 



10310. 



10197. 



04308. 



12630. 

12631, C2. 



12632. 

01899, C2. 



12633. 



12634. 



12635. 



12636. 



12637. 



12638. 



12639. 

12640, C2. 

12641, C3. 



12642. 



12643. 

12644, C2. 



12645. 

12646, C2. 

12647, C3. 



12648. 

12649, C2. 



12650. 



12651. 



12652. 

14532, C2. 



12653. 



12654. 



12655. 



12656. 



12657. 

12658, c2. 



00138. 



09208. 



13386. 



13387. 



10063. 



01881. 



13397. 



32222. 



16193. 



22386. 



27713. 



30320. 



30372. 



30333. 



13197. 



13198. 



13199. 



13200. 



13201. 



13202. 



13203. 



13204. 



13205. 



13206. 

13207, C2. 



13208. 



13209. 



07170. 



02796. 



13210. 



13211. 

13212, C2. 



13213. 



13214. 

13215, C2. 



01944. 



13216. 



13217. 



13218. 

13219, C2. 

13220, C3. 



13221. 

13222, C2. 



13223. 

13224, C2. 



13225. 

13226, C2. 



13227. 



13229. 



13228. 



13230. 



13231. 



13232. 



13233. 



13234. 

13235, C2. 



13236. 



13237. 



13238. 



13239. 



09169. 



13240. 



13241. 



13242. 



13243. 



13244. 



13245. 



13246. 



13247. 

13248, C2. 



13249. 



13250. 



13251. 

13252, C2. 



13253. 



13254. 



13255. 

13256, C2. 



13257. 



13258. 



13259. 



13260. 



13261. 



03847. 



01419. 



13262. 

13263, C2. 

13264, C3. 

13265, C4. 



13266, C5. 

13267, C6. 

13268, C7. 

13269, C8. 



00968. 



10242. 

10243, C2. 



13270. 



13271. 



13273. 

13274, C2. 

13272, C3. 



13275. 



13276. 



13277. 



13278. 



13279. 



13280. 



13281. 

13282, C2. 

13283, C3. 



10061. 



10368. 



00971. 



13284. 



13285. 



13286. 

13287, C2. 



13288. 



13289. 



13290. 



13291. 



13292. 



13293. 



02718. 



00983. 



00976. 



00977. 



10370. 



07352. 



00810. 



14016. 

14536, C2. 



14534. 



14535. 



14538. 



10062. 



09424. 



14674. 



12428. 



12431. 



27743. 

27744, C2. 



30069. 



30070. 



30072. 



30073. 



30074. 



30075. 



30079. 



30080. 



30086. 



30116. 



30117. 



30119. 



30076. 



30077. 



30078. 

30081, C2. 

30082, C3. 



30083. 



30084. 



30085. 



30087. 



30088. 



30089. 



30090. 



30091. 



30092. 



30093. 



30094. 



30096. 



30097. 



30098. 



30099. 



30100. 



30102. 



30105. 



30106. 



30108. 



30109. 



30110. 



30114. 



30115. 



30118. 



30120. 



30121. 



30122. 



30123. 



30124. 



30068. 



07353. 



10241. 

10372, C2. 



07354. 



13294. 



13295. 



13296. 



13297. 



13298. 



13299. 

13300, C2. 



13301. 

13302, C2. 



13303. 

13304, C2. 

13305, C3. 



13306. 

13307, C2. 

13308, C3. 



13309. 



13310. 

13311, C2. 



13312. 



09181. 



00592. 



03059. 



10089. 

09203, C2. 



02875. 



13440. 



13441. 



13442. 



13443. 



13444. 



13445. 



13446. 



13447. 



13448. 



13449. 



13450. 



13451. 



13452. 



13453. 



13454. 



13455. 

13456, C2. 

13457, C3. 



13458. 



13459. 



15153. 



16194. 



30190. 



30095. 



30103. 



13405. 



13406. 



13407. 



13408. 

13409, C2. 



13410. 

13411, C2. 



13412. 



13413. 



13415. 



13416. 



13418. 



13419. 

13420, C2. 



13421. 



13422. 

13423, C2. 



13424. 

13425, C2. 



13426. 



13427. 



13428. 



13429. 



13430. 

13431, C2. 



13432. 

03719, C2. 



13414. 



13434. 



13435. 



13436. 



13437. 



13438. 



13439. 



01939. 



02697. 

03053, C2. 



01923. 



01911. 



03843. 

02883, C2. 



09329. 



07202. 



09206. 



01942. 



02679. 

03889, C2. 



10200. 



01892. 



04297. 



13466. 



10272. 



09306. 



14537. 



20435. 



22385. 



27710. 



27687. 



30383. 

35836, C2. 



12146, VOL-1. 

12147, VOL-1, C2. 



12150. 



12148, V.3. 

12149, V.3, C2. 



12141, V.1. 



12142, V.2. 

12143, V.2, C2. 



12144, V.3. 

12145, V3, C2. 



15124. 



07607. 



12153. 



12187. 



12154, VOL.1. 



12155. 



12181. 



12179. 



12171. 



12166. 

12167, C2. 



12127. 



12177. 



12161. 

12162, C2. 



12114. 



12115. 



12116. 



12183. 



12121. 



12194. 



12123. 



12133. 

12132, C2. 



12126. 



12193. 



12130. 



12120. 



12170. 



12138. 



01981. 



12137. 



12164. 



12165. 



12157. 



12118. 



12158. 



12163. 

12139, C2. 



12128. 



12192. 



12189. 



12131 



12182. 



12199. 



12122. 



12152. 



12196. 



12186. 



12195. 



12191. 



12190. 



12188. 



12124. 



12140. 



12178. 



12197. 



12119. 



12198. 



12205. 



12206. 



12207. 



12151. 



12135. 



12204. 

12214, C2. 



12215. 



12129. 



12176. 



12175. 



00961. 



00962. 



09332. 



09338. 



04174. 



12174. 



07187. 



12173. 



07188. 



12172. 

07190, C2. 



07770. 

12168, C2. 

12169, C3. 



04380. 



01500. 



12117. 



12180. 



12160. 



12156. 



12134. 



03137. 



12185. 



12125. 



09330. 



09307. 



12222. 



00129. 



00130. 



12236. 



12237. 



12224. 



12375. 



12376. 



12377. 



12378. 



09328. 



12411. 

12412, C2. 



12415. 



12416. 



13462. 



14528. 



14008. 



14009. 



14010. 



14011. 



14012. 



32219. 



16859. 



22365. 



22366. 



22372. 



30036. 



30038. 



30041. 



30042. 



30043. 



30044. 



30045. 



30046. 



30047. 



30033. 



30037. 



30039. 



30040. 



30049. 



30050. 



30053. 



30055. 



30058. 



30059. 



30060. 



30062. 



30063. 



29972. 



29973. 

29974, C2. 



29975. 

29976, C2. 



30289. 



30304. 



30378. 



30561. 



30562. 



11722. 

11713, C2. 

11714, C3. 

11715, C4. 



11712. 



11745. 



11711. 

11707, C2. 

11708, C3. 

11709, C4. 

11710, C5. 



11720. 

11721, C2. 



11738, VOL 1. 



11739. 



11740. 



11735. 



11724. 

11723, C2. 



11725. 



11732. 



11719. 



11716. 

11717, C2. 



11730. 

11734, C2. 



11736. 



11737. 



11718. 



11741. 



11742. 



11743 



11731. 



11744. 



11733. 



09431. 



03218. 



07265. 



04036. 

01314, C2. 

00115, C3. 

14523, C4. 



03219. 

09210, C2. 



07161. 



01697. 



04253. 



07159. 

00960, C2. 



11727. 



11729. 

11728, C2. 



11726 [WITHDRAWN]. 



11805. 



11788. 



11791. 



11800. 



10109. 



11802. 



11764. 

11765, C2. 



12297. 



12359. 



12357. 



12024. 



14520. 

14521, C2. 



01274. 

14522, C2. 

01508, C3. 



15735. 



16191. 



30054. 



30564. 



30057. 



30430. 



10036. 



01636. 



01453. 

11749, C2. 



10037. 

03891, C2. 



01509. 



11751. 



11971. 



11789. 



11755. 



11756. 



11747. 



11752. 



01623. 



11753. 



11748. 



11794. 



11793. 



11792. 



11790. 



01504. 



11750. 



11799. 



11746. 



11807. 



11754. 



12023. 



12305. 

12159, C2. 



12360. 



22379. 



30238. 



30379. 



30559. 



11760. 

11761, C2. 



11766 [WITHDRAWN]. 



11767. 



11777. 

11776, C2. 



11775. 



11771. 



11774. 

03924, C2. 



11773. 



11770. 



11762. 

11763, C2. 



11769. 



11772. 



11768. 



11758. 



11757. 



11759. 



04349. 



03855. 



03853. 



03140. 



12358. 



04175. 



11575. 



09331. 



10033. 



11570. 



01979. 



11569. 



11567. 

11568, C2. 



11576. 



01976. 



10111. 



11574. 

11572, C2. 



11573. 



11577. 



11571. 



09172. 



14018. 

14529, C2. 

14530, C3. 

14531, C4. 



23915. 



27689. 



30056. 



29979. 



30290. 



30306. 



15125. 



15126. 



30239. 



11630. 



11635. 



11634. 



11637. 



11643. 



11661. 

11660, C2. 



11645. 



11636. 

11642, C2. 



11640. 

11641, C2. 

11639, C3. 



11659. 



11656. 



07416. 



09215. 



03894. 



04173. 



09213. 



03206. 



04257. 



03921. 



11970. 



12386. 



12384. 



30429. 



30566. 



01454. 



10038. 

10273, C2. 



11696. 



11697. 



11694. 

11695, C2. 



11693. 



11691. 



07796. 



07201. 



07437. 



11692. 



07160. 



11704. 

11705, C2. 



11706. 



10074. 



02399. 

11699, C2. 

11700, C3. 



11701. 



11702. 



11703. 



12249. 



12296. 



12252. 

12253, C2. 



12295. 



12356. 



10032. 



10034. 



01391. 



14656. 



30382. 



30384. 



30426. 



11698. 



11617. 



11618. 



11616. 



11619. 



11621. 

11620, C2. 



11622. 



11624. 



11623. 



11625. 



11626. 

11627, C2. 



11628. 

11629, C2. 



07790. 

07439, C2. 



07417. 



03220. 



04379. 



03854. 



07264. 



11968. 



11969. 



12211. 

12212, C2. 



12184. 



04037. 



07186. 



12352. 

12353, C2. 



12354. 



07415. 



30034. 



30048. 



30051. 



30052. 



30245. 



30312. 



30560. 



30565. 



11668. 

12092, C2. 



11671. 



11673. 



11670. 



11689. 



11672. 



11690. 



11685. 



11684. 



11687. 



11688. 



11669. 



11676. 



11675. 



11674. 



11680. 



11677. 



11679. 



11678. 



11667. 



11682. 



11683. 



11681. 



03851. 

03217, C2. 



01627. 



00958. 

07162, C2. 



03892. 



12017. 



12019. 



12020. 



12018. 



01242. 



07682. 



04183. 



09221. 



04390. 



01007. 



12361. 



12362. 



03365. 



12397. 



14524. 



00683. 



03366. 



14649. 



22380. 



22371. 



22377. 



30556. 



30557. 



30563. 



11649. 

11648, C2. 

11651, C3. 

11650, C4. 



11631. 

11647, C2. 

11646, C3. 



11638. 



11632. 



11644. 



11657. 



11653. 



11654. 

11655, C2. 



01626. 



12385. 



13464. 



12040. 



01364. 

12041, C2. 



12042. 



12039. 



12043. 



01611. 



09323. 



11652. 



03141. 



07797. 



10040. 

10271, C2. 



12031. 

12032, C2. 

12033, C3. 



12029. 

12030, C2. 

12028, C3. 



01945. 



04038. 



12045. 



12047. 



12052. 



12054. 



12046. 



12053. 

12056, C2. 



12055. 



12048. 



12049. 



12051. 



12050. 



12094. 

12093, C2. 



01988. 



12034. 



12035. 



12044. 



12037. 

12036, C2. 



12112. 



12111. 



01441. 



01365. 

12363, C2. 



02785. 



02788. 



14525. 



20449. 



22368. 



30035. 



30292. 



30307. 



30376. 



30377. 



30567. 



11784. 



02786. 



11786. 



11783. 



11782. 



09333. 



09216. 



11785. 



07434. 



12218. 

12219, C2. 



12221. 



12220. 



11787. 



11780. 



12217. 



11778. 



11779. 



12367. 



12368. 



12355. 



12414. 



27686. 



11904. 

11903, C2. 



11905. 



11906. 



11908. 

11907, C2. 

00116, C3. 

00117, C4. 



03848. 



00429. 

07436, C2. 



11949, VOL.1. 



11950, VOL 2. 



11951, VOL.3. 



11952, VOL.4. 



11953, VOL.5. 



11954, VOL.6. 



11955, VOL.7. 



11962. 



11948. 



11936. 



11933. 



11919. 



11965. 



11911. 



00952. 



11967. 



01992. 



00133. 



11943. 



11913. 



04176. 



10029. 



11945. 



11918. 



11924. 



11928. 



11917. 



03139. 



11912. 



11960. 



11915. 



11930. 



11923. 



01790. 



07163. 



01635. 



00426. 



11909. 



01975. 



07793. 



11959. 



03890. 



11934. 



11921. 



11931, V2. 



11920. 



11910, C1. 

11938, C2. 



11937. 



11963. 



03815. 



09214. 



03893. 



01674. 



10030. 



11927. 



01537. 



11939. 



00427. 



09209. 



00125. 

00126, C2. 

00124, C3. 



03928. 



07440. 



00432. 



01009. 



01011. 



01013. 



11964. 



07791. 



11940. 



11916. 



11935. 



00602. 



11966. 



03152. 



00600. 



09309. 



10102. 



10110. 

09245, C2. 



10104. 



11932. 



11958. 



11956. 



11941. 



11942. 



11925. 



11946. 



11914. 



03803. 



01660. 



11944. 



11929. 



12079. 



12302. 



12365. 



12364. 



10035. 



12389. 



12387. 



12403. 



12404. 



02784. 



00428. 



12408. 



04254. 



11922. 



10107. 



10106. 



01010. 



01012. 



12390. 



14651. 



22378. 



22367. 



27735. 



27736. 



27734. 



30244. 



30308. 



30309. 



30310. 



30380. 



30428. 



30427. 



01631. 



14652. 



12022. 



01792. 



10103. 



01622. 



01634. 

01760, C2. 



04184. 



01632. 

01990, C2. 



07794. 

09218, C2. 



07795. 



01978. 



11947. 



11957. 



11961. 



01629. 

07438, C2. 



01763. 

01991, C2. 



00118. 

00119, C2. 

00134, C3. 



01624. 



03816. 



01576. 



11926. 



03819. 



01980. 



07792. 



09472. 



12080. 

00122, C2. 

00123, C3. 



10105. 



12388. 



12399. 



12398. 



01628. 



12407. 



12409. 



00431. 



00430. 



16206. 



01993. 



14654. 



16207. 



16208. 



20448. 



27737. 



30232. 



30249. 



12004. 

12005, C2. 



12003. 



11997, VOL.1. 

11998, VOL.3. 



12008. 



12007. 



01361. 



11999. 



12001. 



12000. 



12021. 



11985. 



11990. 



11978. 



11989. 



11988. 



11983. 



11981. 



11986. 



12009. 



11973. 



12010. 



12002. 



12006. 



01241. 



11987. 



11995. 



11992. 



11974. 



11991. 



11982. 



11976. 



11975. 



11980. 



12012. 



01996. 



12013. 



12015, V2. 



12014, V2. 



11979. 



11977. 



12057. 



12366. 



30231. 



30233. 



30246. 



30588. 

30589, C2. 



30590. 

30591, C2. 



12073. 



12076. 



12102. 



12104. 



35916 



12067 [WITHDRAWN]. 



12068 [WITHDRAWN]. 



12070 [WITHDRAWN]. 



12058 [WITHDRAWN]. 



12059 [WITHDRAWN]. 



12060 [WITHDRAWN]. 



12098 [WITHDRAWN]. 



12077 [WITHDRAWN]. 



12074 [WITHDRAWN]. 



12084 [WITHDRAWN]. 



12087 [WITHDRAWN]. 



12071 [WITHDRAWN]. 



12078 [WITHDRAWN]. 



12095 [WITHDRAWN]. 



12061 [WITHDRAWN]. 



12088 [WITHDRAWN]. 



12103 [WITHDRAWN]. 



12101 [WITHDRAWN]. 



12081 [WITHDRAWN]. 



12063 [WITHDRAWN]. 



12089 [WITHDRAWN]. 



12069 [WITHDRAWN]. 



12075 [WITHDRAWN]. 



12086 [WITHDRAWN]. 



12062 [WITHDRAWN]. 



12091 [WITHDRAWN]. 



12100 [WITHDRAWN]. 



12106 [WITHDRAWN]. 



12097 [WITHDRAWN]. 



12105 [WITHDRAWN]. 



12099 [WITHDRAWN]. 



12082 [WITHDRAWN]. 



12110 [WITHDRAWN]. 



12064 [WITHDRAWN]. 



09311 



12108 [WITHDRAWN]. 



12107 [WITHDRAWN]. 



12085 [WITHDRAWN]. 



12096 [WITHDRAWN]. 



12383 [WITHDRAWN]. 



12382 [WITHDRAWN]. 



12381 [WITHDRAWN]. 



12380 [WITHDRAWN]. 



12065 [WITHDRAWN]. 



07637 [WITHDRAWN]. 



00484 [WITHDRAWN]. 



00483 [WITHDRAWN]. 



12083 [WITHDRAWN]. 



12011. 



12209. 



12210. 



12208. 



04256. 



12233. 



12374. 



12373. 



12372. 



12413. 



16861. 



12379. 



22375. 



22363. 



22373. 



22374. 



12203. 

12038, C2. 



10201. 



12200. 



12201. 



09211. 



12370. 



12371. 



12369. 

09212, C2. 



22821. 



11865. 

11866, C2. 

11862, C3. 

11863, C4. 

11861, C5. 



11864. 



07609. 



07346. 



03136. 



07433. 



11885. 



11884. 



11886. 



11887. 



11896. 



11888. 



11891. 



11880. 

11881, C2. 



07610. 



11882. 

11883, C2. 



11871. 

11872, C2. 



11877. 

11878, C2. 



11879. 



11873. 



11876. 

11874, C2. 

11875, C3. 



11899. 



11892. 



11893. 



11868. 



11897. 



11869. 

11870, C2. 



11867. 



04252. 



03927. 



11890. 



11889. 



07184. 

11895, C2. 



11898. 

07324, C2. 



11894. 



11846. 



11900. 



07798. 



09217. 



03818. 



09168. 



07323. 



07789. 



11901. 



11902. 



07788. 



02677. 



11994. 



11996. 



11993. 



12027. 



12026. 

12025, C2. 



00599. 



01363. 

07435, C2. 



13465. 



15123. 



22381. 



30032. 



30241. 



30248. 



30251. 



30291. 



11834. 

11832, C2. 

11833, C3. 

11831, C4. 



11830. 



11828. 

11827, C2. 



11835. 



11843. 



11844. 



11845. 



11836. 



11847. 



11842. 



11853. 

11848, C2. 

11850, C3. 

11852, C4. 

11849, C5. 



11857. 

11859, C2. 

11856, C3. 

11855, C4. 



11851. 

11858, C2. 

11854, C3. 



11860. 



11841. 

11840, C2. 



11839. 



03491. 

03492, C2. 



11838. 



11837. 



11819. 

11820, C2. 



11821. 



11817. 



11816. 



11825. 



11809. 



11824. 



11823. 

30425, C2. 



11811. 



11822. 



11815. 

11813, C2. 

11814, C3. 

11812, C4. 

12113, C5. 



11808. 



01362. 



03133. 



00593. 



02779. 



04339. 



12136. 



13461. 



22369. 



30882. 



11613. 



11606. 



11586. 



11591. 



11607. 



11580. 



11608. 



11609. 

11610, C2. 



11603. 



11604. 



11605. 



11585. 



11594. 

11595, C2. 



11614. 



11599. 

11596, C2. 



11600. 



11597. 

11598, C2. 

11602, C3. 



11601. 



11578. 

11579, C2. 



11587. 

11588, C2. 



11590. 



11584. 

11581, C2. 

11582, C3. 

11583, C4. 



11592. 



11593. 



11612. 



11611. 



07441. 



04381. 



09324. 



07185. 

01630. 



03926. 



04343. 



01607. 



01577. 



04258. 



01745. 



11806. 



09336. 



16860. 



01536. 



26986. 



14650. 



22452. 



30305. 



01608. 

01575, C2. 



03305. 

04081, C2. 



02763. 



11615. 



02764. 



10031. 



02098. 



01791. 



07781. 



02276. 

01788. 



04255. 



03138. 



07787. 



01789. 



01989. 



02099. 



03304. 



10108. 



00957. 



27688. 



30288. 



11665. 



11662. 

11663, C2. 



11666. 



11664. 

01449, C2. 



03222. 



03852. 



02787. 



02765. 



11798. 



11797. 



20924. 



30558. 



03849. 



07521. 



04355. 



12239. 



00636. 



12293. 



01977. 

03850, C2. 



12240. 



04354. 



09134. 



04338. 



12307. 



12291. 



12292. 



12261. 



12350. 



12300. 

12299, C2. 



12301. 



12298. 



03761. 



00132. 



03221. 



09244. 



07174. 



03375. 



12410. 



13463. 



11810. 



30134. 



30431. 



12229. 



12228. 



12246. 



12255. 



12245. 



12244. 



12241. 



12251. 



12243. 



12257. 



12227. 



12226. 



12235. 



12265. 



12264. 



12232. 



12223. 



12230. 



12242. 



12231. 



12258. 



12256. 



12259. 



12238. 



12216. 

12336, C2. 



12262. 



12267. 



12263. 



12234. 



12225. 



12266. 



12260. 



12294. 



12290. 



02422. 



07585. 



12306. 



07622. 



14568. 



07602. 



07603. 



02403. 



12311. 

12348, C2. 



02566. 



12309. 

12310, C2. 



12308. 



12303. 



12304. 



02780. 



11803. 



12326. 



12327. 



12325. 



12323. 

12324, C2. 



12321. 



12322. 



12312. 



12313. 



12314. 



12315. 



12316. 



12317. 



12318. 

12319, C2. 



12320. 



12328. 



12331. 



12330. 



12332. 



12333. 



12345. 



12351. 



12329 



12342. 



12334. 



12335. 



12337. 



12338. 



12340. 



12341. 



12344. 



12343. 



12339. 



12347. 



12346. 



12072. 



12393. 



12392. 



10415. 



12432. 



12439. 



22826. 



22813. 



30225. 



30798. 



10203. 



10202. 



02635. 



02626. 



02632. 



02639. 



02633. 



02637. 



02624. 



01625. 



09310. 



09339. 



02638. 



04317. 



02630. 



02631. 



02640. 



03817. 



02636. 



01633. 



02628. 



02629. 



09335. 



01008. 



02627. 



09223. 



04251. 

09222, C2. 



30236. 



04266. 



02634. 



02625. 



00120. 

00121, C2. 

02641, C3. 



15122. 



22370. 



22376. 



30311. 



30381. 



30803. 



30240. 



30247 



30909. 



30910. 



30911. 



30912. 



30913. 



30905. 



30906. 



30237. 



30800. 



30801. 



30802. 



30804. 



30799. 



30808. 



30770. 



30771 



30796. 



30797. 



30794. 



30626. 



30627. 



30628. 



30621. 



30625. 



30620. 



30622. 



30623, V1. 



30624. 



30768. 



30772. 



30767. 



30795. 



30769. 



30793. 



30250. 



30828. 



30829. 



30830. 



30831. 



30832. 



30833. 



30834. 



30835. 



30836. 



30837. 



30851. 



30852. 



30853. 



30854. 



30855. 



30856. 



30857. 



30858. 



30849. 



30850. 



30880. 



30878. 



30879. 



30876. 



30877. 



30888. 



30894. 



30891. 



30890. 



30889. 



12269. 



12270. 

12268, C2. 



12276. 



12275. 



12274. 



12289. 



12248. 

12247, C2. 



12273. 



12271. 



12277. 



12278. 



12279. 



12280. 



12281. 



12282. 



12283. 



12284. 



12285. 



12286. 



12287. 



12272. 



12288. 



12349. 



22364. 



30061. 



03153. 



03154. 



03155. 



03156. 



03157. 



03158. 



30907. 



30908. 



16072. 



16073. 



16074. 



16075. 



16076. 



16077. 



16080. 



16078. 



16079. 



16081. 



16082. 



16083. 



16084. 



16085. 



14626. 



16086. 



16087. 



16088. 



16089. 



16090. 



16091. 



16092. 



16093. 



16094. 



16095. 



16096. 



16097. 



16098. 



16099. 



16100. 



07414. 



16101. 



16102. 



16103. 



16104. 



16105. 



16106. 



30936. 



13394. 



30938. 



16107. 



16108. 



16109. 



16110. 



07446. 



16111. 



16112. 



16113. 



09337. 



16114. 



16115. 



16116. 



16117. 

16118, C2. 



16119. 



16120. 



16121. 



16122. 



16123. 



16124. 



16126. 



16125. 



16127. 



16128. 



16129. 



16130. 



16131. 



16132. 



16133. 



16134. 



16135. 



16136. 



16137. 



16138. 



16139. 



16140. 



16141. 



16142. 



16143. 



16144. 



16145. 



02777. 



16146. 



16147. 



16148. 



16149. 



16150. 



00597. 



16151. 



07732. 



16152. 



16153. 



16154. 



16155. 



16156. 



16157. 



16158. 



16159. 



11796. 



11795. 



16160. 



16161. 

16162, C2. 



16163. 



16164. 



16165. 



16166. 



16168. 



16167. 



16169. 



16170. 



12250. 



16171. 



02584. 



16172. 



16173. 



03420. 



29977. 



30953. 



30954. 



30956. 



30959. 



30961. 



30962. 



30960. 



30958. 



30946. 



30944. 



30945. 



30973. 



30976. 



30974. 



30975. 



30997. 



30966. 



30967. 



30968. 



30969. 



30977. 



30978. 



09170. 



13685. 



13686. 

14003, C2. 



01355. 



02059. 



04477. 



03172. 



02775. 



00422. 



13821. 



13822. 



13823. 



07677. 



07234. 



07240. 



07237. 



07233. 



02776. 



13830. 



13831. 

13832, C2. 

13833, C3. 



13834. 



13835. 



13836. 



13837. 



13838. 



13839. 



13840. 



13841. 



13842. 



13843. 

13850, C2. 



13844. 



13845. 



13846. 



13847. 



13848. 



13849. 



13851. 



13852. 



13853. 



13854. 



13855. 



13856. 



13857. 



13858. 



13859. 

13860, C2. 

13861, C3. 

13862, C4. 



13863. 



13864. 



14004. 



04473. 



04471. 



07333. 



07243. 



01356. 

14005, C2. 



14006. 

13501, C2. 



14007. 



07200. 



16856. 



27637. 



21487. 



30370. 



30369. 



30321. 



13865. 

13866, C2. 



13867. 



13868. 



13869. 



13870. 

13871, C2. 

13872, C3. 

13873, C4. 


