
05583. 



05578. 



30256. 



30258. 



30260. 



30261. 



30267. 



05558. 



06783. 



01370. 



32005. 



30022. 

30023, C2. 



30422. 

30421, C2. 



09435. 



03745. 



05576. 



01371. 



05582. 



15982. 



22837. 



09452. 



30025. 



09453. 



05661. 



22839. 



15985. 



15989. 



02572. 



09455. 



15988. 



09456. 



02569. 



09454. 



05647. 



02570. 



05648. 



02571. 



09457. 



02568. 



15986. 



15990. 



30026. 



30027. 



30028. 



30029. 



30414. 



30415. 



30416. 



30417. 



30460. 



30581. 



30737. 



30738. 



31086. 



31164. 



31367. 



31366. 



31467. 



31880. 



31881. 



32184. 



32253. 



32254. 



32716. 



33015. 



33631. 



32262. 



33951. 



33956. 



33955. 



33957. 



33958. 



33959. 



33960. 



33961. 



33962. 



33963. 



33964. 



33952. 

33953, C2. 



33954. 



33949. 



33944. 



33932. 



33939. 



33948. 



33945. 



33946. 



33947. 



33940. 



33941. 



33942. 



33943. 



33934. 



33935. 



33936. 

35145, C2. 



33937. 



33938. 



33933. 



33965. 



33966. 



33967. 



33968. 



33969. 



33970. 



33971. 



33972. 



33973. 



33974. 



33978. 



34018. 



34020. 



34021. 



33975. 



33976. 



33977. 



33979. 



34015. 



33988. 



33992. 



34022. 



34026. 



34013. 



34003. 



34025. 



34012. 



33989. 



33990. 



33991. 



34006. 



34007. 



34008. 



34011. 



34023. 



34027. 



34028. 



34029. 



33994. 



33998. 



33993. 



33997. 



34024. 



34014. 



33985. 



33981. 



34016. 

34017, C2. 



34019. 



34005. 



34030. 



33982. 



34031. 



33986. 

34822, C2. 

35077, C3. 



34004. 



33850. 



34032. 



34033. 



34034. 



34036. 



34035. 



34037. 



34038. 



34039. 



34040. 



34041. 



34042. 



34043. 



34044. 



33995. 



34000. 



34001. 



33996. 



34089. 



34080. 



34074. 



34072. 



34085. 



34086. 



34088. 



34073. 



34075. 



34081. 



34082. 



34083. 



34087. 



34077. 



34076. 



34079. 



34078. 



34070. 



34064. 



34065. 



34066. 



34071. 



34069. 



34067. 



34068. 



34092. 



34095. 



34091. 



34094. 



34098. 



34097. 



34101. 



34093. 



34096. 



34099. 



34100. 



34045. 



34046. 



34047. 



34049. 



34056. 

35079, C2. 



34058. 



34050. 



34054. 



34051. 



34055. 



34052. 



34053. 



34057. 



34060. 

34061, C2. 

34306, C3. 



34062. 



34063. 



34168. 



34169. 



34170. 



34171. 



34172. 



34173. 



34174. 



34166. 



34165. 



34164. 



34163. 



34160. 



34162. 



34161. 



34167. 



34143. 



34144. 



34149. 



34145. 



34153. 



34150. 



34154. 



34147. 



34151. 



34152. 



34142. 



34188. 



34148. 



34146. 



34182. 



34187. 



34185. 



34195. 



34190. 



34191. 



34192. 



34193. 



34194. 



34180. 



34181. 



34179. 



34186. 



34189. 



34183. 



34184. 



34228. 



34157. 



34229, VOL 1. 



34230, VOL 2. 



34178. 



34177. 



34176. 



34175. 



34132. 



34131. 



34128. 



34134. 



34129. 



34130. 



34135. 



34133. 



34138. 



34137. 



34139. 



34155. 



34156. 



34158. 



34141. 



34140. 



34136. 



34084. 



33999. 



34196. 



34197. 



34218. 



34207. 



34217. 



34203. 



34210. 



34198. 



34214. 



34209. 



34199. 



34204. 



34212. 



34206. 



34220. 



34215. 



34205. 



34208. 



34211. 



34213. 



34216. 



34201. 



34200. 



34223. 



34225. 



34227. 



34219. 



34202. 



34226. 



34222. 



34221. 



34224. 



34248. 



34243. 



34268. 



34232. 



34242. 



34244. 



34238. 



34246. 



34235. 



34237. 



34240. 



34231. 



34239. 



34233. 



34236. 



34234. 



34247. 



34245. 



34241. 



34090. 



34249. 



34254. 



34250. 



34251. 



34252. 



34253. 



34259. 



34260. 



34010. 



34009. 



33980. 



34048. 



34351. 



34345. 



34333. 



34341. 



34342. 



34338. 



34300. 



34296. 



34295. 



34305. 

34599, C2. 



34303. 



34307. 



34301. 



34308. 



34311. 



34309. 



34310. 



34299. 

34584, C2. 



34316. 



34322, V1. 

34323, V2. 

34324, V3. 



34317, V1. 

34318, V2. 



34334. 



34335. 



34349. 



34336. 



34350. 



34346. 



34344. 



34339. 



34343. 



34337. 



34361. 



34362. 



34364. 



34363. 



34355. 



34357. 



34356. 



34354. 



34352. 



34353. 



32937. 



34360. 



34358. 



34359. 



34372. 



34367. 



34368. 



34370. 



34371. 



34369. 



34391. 

34392, C2. 



34390. 



34388. 

34389, C2. 



34386. 

35261, C2. 



34385. 



34384. 



34383. 



34387. 



34399. 



34400. 



34403. 

34404, C2. 



34401. 

34402, C2. 



34405. 



34411. 



34412. 



34413. 



34414. 



34415. 



34416. 



34418. 



34417. 



34494. 



34485. 



34486. 



34487. 



34495. 



34496. 



34492. 



34493. 



34490. 



34491. 



34489. 



34488. 



34499. 

34500, C2. 



34498. 



34497. 



04845. 



34501. 



02711. 



03234. 

02708, C2. 



03238. 



06262. 



02284. 



03230. 



02285. 



03229. 



03236. 



02709. 



06271. 



06270. 

06273, C2. 



06276. 



06259. 



06272. 



06274. 



06279. 



03227. 



06260. 

06261, C2. 

01737, C3. 



06263. 



06258. 



06412. 



06277. 



06391. 



02594. 



16066. 



06402. 



06397. 



15928. 



02066. 



06411. 



06362. 



06324, VOL/1. 



06392. 



03490. 

06404, C2. 



09459. 



29991. 



06268. 



06250. 



06256. 



06308. 



03131. 



06475. 



06248. 



06233. 

06226, C2. 

06266, C3. 

06252, C4. 



06300. 



06255. 



06245. 



06244. 



06243. 

09266, C2. 



06253. 



06227. 



06236. 

06241, C2. 



09262. 



06232. 



34705. 



09259. 

06240, C2. 

29994, C3. 



06275. 



09268. 



06242. 



06237. 



16070. 



06280. 



06234. 



06246. 

06247, C2. 



06376. 



06239. 



06296. 



06257. 



02323. 



02105. 



06807. 



06229. 



06228. 



06285. 



22815. 



32069. 



03113. 



02754. 



06293. 



09264. 



06288. 



15929. 



06264. 



15930. 

19962, C2. 



06299. 



06313. 



06325. 



04122. 



04111. 



31470. 



32812. 



33177. 



15933. 



06311. 



06304. 

06303, C2. 



06321. 

15931, C2. 



06305. 



06316. 



06283. 



06284. 



06320. 



06360. 



06365. 



09514. 



15932. 



16189. 



33440. 



03237. 



06312. 



06309. 



06314. 



06317. 

06290, C2. 



06278. 



09263. 



09272. 



09410. 



02673. 



06238. 



15934. 



06318. 



02382. 



30151. 



32100. 

32101, C2. 

32102, C3. 

32104, C4. 



33316. 



04119. 



06405. 



04117. 



06345. 



06408. 



06340. 



06399. 



06335. 



06398. 



06332. 

06347, C2. 



06384. 

06373, C2. 



06338. 



06356. 

06349, C2. 



06339. 



15935. 



09427. 



06381. 



06323. 



06334. 



06354. 



06341. 



06336. 



06328. 



06343. 



06406. 



06403. 



06401. 



06410. 



06364. 



06337. 



06344. 



06331. 



06355. 



06353. 



06357. 

06348, C2. 



06367. 



06369. 



06375. 

06368, C2. 



06382. 



06386. 



06330. 



06351. 



06378. 



06400. 



06342. 



04116. 



06350. 



06346. 



06326. 



06363. 



09275. 



06407. 



06370. 



01024. 



09273. 



06372. 



06358. 



06383. 



06409. 



06377. 



06371. 



06374. 



03232. 



06379. 



06529. 



06385. 



06310. 



06414. 



06388. 



06329. 



06390. 

06389, C2. 



06395. 



06352. 

06394, C2. 



06393. 



09281. 



09270. 



03143. 



06327. 



06396. 



02062. 



09279. 



22422. 



30136. 



30172. 



33391. 



33381. 



33370. 



19958. 



33178. 



06461. 

06846, C2. 



06462. 



06467. 

35156, C2. 



06428. 

06490, C2. 



02343. 



06418. 



06420. 



06422. 

35157, C2. 



06421. 

06416, C2. 

35158, C3. 



06425. 



06419. 



06417. 



06469. 



06468. 



06463. 



02722. 



06466. 



02894. 



06498. 



06430. 



30583. 



06427. 



06477. 

06497, C2. 



04132. 



06500. 



02657. 



04108. 



03125. 



06478. 



05671. 



06460. 



06424. 



07051. 



06603. 



05672. 

06486, C2. 



06482. 



04128. 



01032. 



 



22430 



01333, V2. 



34107. 



30597. 



16174. 



31471. 



22830. 



34506. 



34507. 



01308 



15936. 



01374. 



01373. 



01376. 



01327. 



01381. 



01378. 



01375. 



07619. 



01380. 



01379. 



02658. 

36708, C2. 



07650. 



03905. 



06496. 

30018, C2. 



07654. 



06495. 

06499, C2. 



06476. 



01377. 



01329. 



03128. 



02750. 



06487. 



15937. 



04110. 



06687. 



06501. 



06602. 



02821. 



30020. 



30167. 



30168. 



30277. 



30496. 



30495. 



30497. 



30673. 



31469. 



33609. 



30420. 



02070. 



15938. 

06514, C2. 



06508. 



06505. 



04867. 



02283. 



06504. 



06520. 



34002. 



06506. 



06511. 



02872. 



02873. 



06510. 



06549. 



06481. 



06479. 



04827. 



06480. 



06503. 



06516. 



06512. 



06489. 



02061. 



02064. 



06543. 



04190. 



02279. 



06483. 



02090. 



06573. 



22446. 



06544. 



06552. 



06551. 



06555. 



06554. 



06557. 



06558. 



06550. 



06553. 



01430. 

06524, C2. 



03899. 



06545. 



07777. 



02325. 



06556. 



06491. 



06546. 



06518. 



04850. 



04779. 



06547. 



06519. 



06513. 



06711. 



03913. 



03914. 



15939. 



22440. 



29992. 



22412. 



06569. 



06563. 



06562. 



06565. 



06564. 



06568. 



06561. 



06567. 



06566. 



06577. 



06583. 



06574. 



06571. 



06570. 

06572, C2. 



06584. 



06582. 



06575. 



06579. 



06578. 



06559. 



07715. 

30270, C2. 



06576. 



06580. 



06581. 



22445. 



35334. 



06531. 



06507. 



06534. 



06533. 



06538. 



04126. 



06429. 



06523. 



04191. 



06532. 



06535. 



06522. 



06536. 



06698. 



06521. 



06539. 



06542. 



06541. 



06537. 



06471. 



06502. 



07519. 



06530. 



03132. 



34706. 



06790. 



04877. 



06525. 

03911, C2. 



34509. 



34510. 



34512. 



34511. 



34768. 



34513. 



03755. 



18560. 



18456. 



30740. 

30741, C2. 

30742, C3. 

30743, C4. 



32651. 



18280. 



18488. 

18489, C2. 

18490, C3. 

18492, C4. 



14567. 



18374. 



18366. 



18269. 



14566. 



18515. 

18516, C2. 



34528. 



34529. 



34526. 



34527. 



34523. 



34525. 



34524. 



18268. 



18296. 



14569. 



18239. 



18229. 



18440. 



18327. 



15941. 



07025. 



07009. 



07128. 



07007. 



07011. 



07008. 



07010. 



04804. 



07082. 



22404. 



04585. 



04580. 



07341. 



04577. 



04611. 

04612, C2. 



04683. 



01027. 



04584. 



01066. 



04100. 



07012. 



16061. 



16058. 



16059. 



07013. 



15942. 



07014. 



02578. 



02864. 



07017. 



16060. 



01718. 



05786. 



07018. 



06798. 



07023. 



07015. 



07022. 



07016. 



07021. 



16062. 



07024. 



09261. 



07020. 



15943. 



22447. 



06423. 



06992. 



02104. 



07053. 



07047. 



07029. 



07062. 



07038. 



07042. 



07065. 



07050. 

07049, C2. 



07055. 



07045. 



07046. 



07054. 



07032. 



07041. 



07031. 



07034. 



07033. 



07044. 



15944. 



07043. 



07040. 



07036. 



07030. 



30499. 



07084. 



07027. 



09409. 



07064. 

07077, C2. 

07074, C3. 



07078. 



07081. 



07071. 



07063. 



02871. 



04102. 



07080. 



06613. 



07059. 



07035. 



07085. 



07100. 



07028. 



07087. 



07067. 



07079. 



07093. 



07037. 



02887. 



02888. 



03108. 



07096. 



03438. 



07070. 



07089. 



07056. 



07069. 



06051. 



07061. 



07066. 



07057. 



07060. 



07052. 



07039. 



22441. 



22442. 



22443. 



05164. 



05162. 



05187. 



05191. 



07772. 



05168. 



07773. 



05178. 



05169. 



05163. 



05167. 



05165. 



05166. 



05179. 



05180. 



05186. 



05188. 



05177. 



05176. 



05190. 



05172. 



05171. 



05183. 



05185. 



05184. 



05170. 



05182. 



05175. 



05174. 



05173. 

05189, C2. 



05181. 



07086. 



07092. 

07091, C2. 



06956. 



07073. 



07095. 



07088. 



07090. 



07123. 



07101. 



07132. 



07117. 



07116. 



07106. 



07129. 



07137. 



07121. 



07108. 



07126. 



07133. 



07111. 



07130. 



07134. 



07135. 



07112. 



07721. 



07125. 



07119. 



07115. 



07122. 



07114. 



07110. 



07113. 



07136. 



07141. 



07118. 



07109. 



09255. 



07120. 



07138. 

07098, C2. 

07131, C3. 



07102. 

07140, C2. 



02650. 



07139. 



02870. 



07103. 



07148. 



07147. 



07146. 



01722. 



07143. 



07144. 



02865. 



07149. 



07107. 



07099. 



07142. 



07127. 



07145. 

30181, C2. 



07104. 



04135. 



04407. 



07105. 



22436. 



22437. 



30187. 



06916. 



06918. 



06920. 



06919. 



06921. 



06917. 



06936. 

06914, C2. 



06935. 

06934, C2. 



06922. 



06926. 



06928. 



06927. 



06894. 



06923. 



06937. 



06915. 



06924. 



06933. 



06932. 



06925. 



06931. 



06930. 



06929. 



07212. 



07213. 



07214. 



33174. 

36907, C2. 



07006. 



06897. 



07550. 



06904. 



06896. 



01429. 



06893. 



06898. 



06900. 



06901. 



03116. 



06895. 



06962. 



06902. 



06899. 



02824. 



06903. 



07094. 



07072. 

07076, C2. 



15947. 



06912. 



06913. 



06942. 



06906. 



06909. 



06907. 



06911. 



06943. 

06910, C2. 



07068. 



15945. 



05780. 



07546. 



06954. 



06938. 



01428. 



06951. 



06945. 



16063. 



16064. 



01719. 



06949. 



06905. 



06944. 



06953; 



06952. 



07124. 



06941. 



06946. 



06950. 



06948. 



06939. 



15946. 



06175. 



06960. 



06957. 



06955. 



06940. 



06963. 



06958. 



21531. 



32148. 



06959. 



03385. 



03109. 



02676. 



06961. 



04208. 



06968. 



02643. 



06965. 



07629. 



03117. 



02854. 



02705. 



06966. 



03900. 



06964. 



02644. 



22418. 



22407. 



22408. 



04641. 



30747. 



04826. 



06967. 



19776. 



06974. 



06969. 



06973. 



06975. 

03799, C2. 



03240. 



06987. 



06977. 



06983. 



06981. 



06980. 



06979. 



06978. 



06984. 



06989. 

06988, C2. 

06990, C3. 



06982. 



06986. 



06991. 



02076. 



06985. 



06995. 



06996. 



06997. 



06998. 



06999. 



07000. 



07001. 



07002. 



07003. 



07004. 



07005. 



06994. 



06993. 



06976. 



05105. 



31080. 



01726. 



04653. 



06738. 



06739. 



06740. 



06741. 



06742. 



06743. 



06744. 



06745. 



06746. 



06747. 



06750. 



06751. 



06752. 



06753. 



06754. 



06749. 



06540. 



32338. 



06760. 



06813. 



06764. 

06485, C2. 



06758. 



06759. 



06763. 



06767. 



06768. 



06769. 

15954, C2. 



06766. 



06765. 



02278. 



02280. 



02281. 



06756. 



03231. 



02282. 



02362. 



06851. 



02277. 



06845. 

30508, C2. 



06755. 



06680. 



06761. 



06762. 



15956. 



34707. 



06770. 



31088. 



06806. 



06817. 



06815. 



06814. 



06816. 



06676. 



06808. 



06812. 



06797. 



06799. 



06796. 



06810. 



06811. 



06809. 



30153. 



06822. 



06836. 



04129. 



06837. 



06839. 



06838. 



06835. 



06834. 



06840. 



06833. 



06818. 



06824. 



06823. 



06821. 



06825. 



06795. 



06826. 



06827. 



06828. 



06830. 



06800. 



06874. 



06829 



06820. 



34708. 



06748. 



03901. 



02616. 



06866. 



06875. 



06872. 



05832. 



05853. 



06870. 



16067. 



03122. 



06867. 



06863. 



06852. 



06859. 



06862. 



06865. 



06855. 



06853. 



04134. 



05513. 



06858. 



05281. 



06864. 



06854. 



06857. 



06856. 



06841. 



03130. 



06848. 



06860. 



06844. 



06843. 



06842. 



06880. 



06868. 



06892. 



06884. 



06885. 



06881. 



06889. 

06890, C2. 

06888, C3. 



06883. 



06891. 



06882. 



30162. 



34059. 



34312. 



03418. 



06616. 



06617. 



06611. 



06605. 



06606. 



06607. 



03107. 



06612. 



05506. 



06604. 



06615. 



06861. 



06608. 



06609. 



06610. 



03115. 



30268. 



34302. 



06597. 



06592. 



06644. 



06624. 

06591, C2. 



06590. 



05631. 



06596. 



06622. 



06673. 



05477. 



06598. 



06600. 



06734. 

03735, C2. 

02342, C3. 

06593, C4. 



05778. 



06585. 



15181. 



02891. 



06595. 



34548. 



34549. 



34543. 



34544. 



34546. 



34545. 



34542. 



34550. 



34547. 



06619. 



06623. 



06819. 



06621. 



06620. 



06708. 



06636. 



06618. 



06588. 



06637. 



06638. 



06626. 



06640. 



06639. 



06627. 



06656. 



06631. 



06632. 



06663. 



06601. 



06634. 



06630. 



06641. 



06654. 



06701. 



06586. 



05509. 



06871. 



06667. 



06661. 



06646. 



06801. 



06666. 



06674. 



06657. 



06658. 



06649. 



06633. 



06642. 



06647. 



06675. 



06659. 

06628, C2. 



06650. 



06652. 



06648. 



06651. 



06664. 



06669. 



06662. 



06665. 



06716. 



01522. 



06660. 



06655. 



06670. 



06832. 



06426. 



06696. 



06695. 



06692. 



06693. 



06694. 



06697. 



06702. 



06700. 



06771. 



06691. 



06043. 



06847. 



06689. 



06779. 



15957. 



06668. 



06704. 



06685. 



06387. 



06728. 



07026. 



06653. 



06788. 



06713. 



06677. 



06729. 

06721, C2. 



06712. 



06722. 



06727. 



06307. 



06725. 



06683. 



06726. 



06684. 



06714. 



06682. 



06678. 



34553. 



34556. 



34554. 



34552. 



34555. 



06723. 

06718, C2. 



06681. 



06719. 



06724. 



06720. 



06686. 



34702. 



06772. 



34701. 



06717. 



06679. 



34699. 



34557. 



34558. 



34551. 



34535. 



34536. 



34559. 



06887. 



06792. 



06791. 



06781. 



06776. 



06777. 



06787. 



06774. 



06785. 



06736. 



06207. 



06733. 



06789. 



06730. 



06731. 



06735. 



06803. 



34562. 



34561. 



16298. 



16299. 



07541. 



16300. 



16301. 



16302. 



16303. 



16347. 



16331. 



16304. 



16305. 



16306. 



16307. 



16308. 



16309. 



16310. 

16311, C2. 



16312. 



16313. 



16314. 



16315. 



16317. 



16316. 



16318. 



16319. 



16320. 



16321. 

16326. 



16322. 

16324, C2. 



16323. 



16325. 



16328. 



16327. 



16329. 



19668. 



16332. 



16333. 



16334. 



16335. 



07083. 



16336. 



16337. 



16339. 



16338. 



16340. 



16341. 



16342. 



16343. 



16344. 



16345. 



16346. 



16348. 



16349. 



16351. 



16352. 



30500. 



34564. 



34565. 



34567. 



34566. 



03796. 



16353. 



16354. 



16355. 



16356. 



16357. 



16358. 



16359. 



16360. 



16361. 



16362. 



16363. 



16364. 



16365. 



16366. 



16367. 



16368. 



16369. 



16370. 



16371. 



16372. 



07552. 



14600. 



07584. 



16373. 



03887. 



16374. 



07537. 



16375. 



16376. 



16377. 



16378. 



16379. 



16381. 



16382. 



16383. 



16384. 



16380. 



16385. 



16386. 



16387. 



16388. 



16389. 



16390. 



16391. 



16392. 



16393. 



16394. 



16395. 



16396. 



16397. 



16398. 



16399. 



16400. 



16401. 



30501. 



30502. 



33009. 



16350. 



16402. 



16403. 



16404. 



16406. 



16405. 



16407. 



16408. 



16409. 



16410. 



16411. 



16412. 



16413. 



16414. 



16415. 



16416. 



16417. 



16418. 



16419. 



16420. 



16421. 



16422. 



16423. 



16424. 



16425. 



16427. 



16426. 



16428. 



16429. 



16430. 



16431. 



16432. 



02585. 



16433. 



16434. 



16436. 



16435. 



16437. 



16438. 



16439. 



16440. 



16441. 



16442. 



16443. 



16444. 



16445. 



16446. 



16447. 



16448. 



16449. 



16450. 



16451. 



16452. 



16453. 



14641. 



30543. 



30546. 



31809. 



31694. 



31810. 



31811. 



31812. 



31813. 



32414. 



32415. 



32419. 



33183. 



32886. 



33184. 



33185. 



33599. 



33186. 



33187. 



33188. 



33402. 



33403. 



33404. 



33406. 



18570. 



18572. 



18573. 



30145. 



18568. 



18569. 



18576. 



18581. 



18577. 



18582. 



18578. 



18579. 



18580. 



18583. 



18584. 



18585. 



18586. 



01861. 



18587. 



18588. 



18589. 



18590. 



18592. 



18591. 



18593. 



18594. 



18595. 



18597. 



18596. 



18598. 



18599. 



18600. 



18601. 



18603. 



18604. 



18605. 



18606. 



18607. 



18608. 



18609. 



18610. 



18611. 



18612. 



18613. 



18616. 

01866, C2. 

18617, C3. 



18614. 



18602. 



18618. 



18728. 



18615. 



18619. 



18620. 



18621. 



01949. 

01948, C2. 

01951, C3. 

01952, C4. 

01950, C5. 



18622. 



18709. 



33312. 



22811. 



18623. 



18625. 



18624. 



18626. 



18627. 



18628. 



18629. 



18631. 



18632. 



18633. 



18634. 



18635. 



18636. 



18637. 



18638. 



18639. 



18640. 



18641. 



18642. 



18643. 



18644. 



18645. 



18646. 



18647. 



18648. 



18649. 



18650. 



18651. 



18652. 



18653. 



18654. 



18630. 



18655. 



18667. 



18703. 



18704. 



18705. 



18706. 



18707. 



18708. 



29970. 



18656. 



18657. 



18658. 



01512. 



18659. 



18660. 



18662. 



18664. 



18665. 



18663. 



18668. 



18669. 



18670. 



18671. 



18672. 



18673. 



18674. 



18675. 



18678. 



18679. 



18680. 



18681. 



03368. 



18682. 



18666. 



18683. 



18684. 



18685. 



18686. 



18687. 



18688. 



05145. 



18661. 



18689. 



18690. 



18691. 



18693. 



18692. 



18694. 



18676. 

18677, C2. 



18695. 



18696. 



14635. 



18697. 



18698. 



18699. 



18700. 



18701. 



18702. 



18574. 



07223. 



07361. 



00959. 



01867. 



00771. 



01855. 



00772. 



01041. 



01014. 



01856. 



03381. 



18571. 



29981. 



30503. 



18710. 



18711. 

18712, C2. 



18713. 



18714. 



18727. 



18715. 



09403. 



18716. 



18717. 



18718. 



07575. 



18720. 



00029. 



18719. 



18721. 



18722. 



18723. 



18724. 



09253. 



18725. 



18726. 



30385. 



33139. 



33523. 



33575. 



31814. 



33598. 



34504. 



03737. 



30735. 



30885. 

37899, C2. 



30895. 



30896. 



30897. 



30898. 



31288. 



31717. 



31708. 



31738. 



32007. 



32260. 



32259. 



32391. 



32393. 

33983, C2. 



32694. 



32745. 



32879. 



33984. 



33987. 



34327. 



34328. 



34329. 



18575. 



16330. 



34596. 



34595. 



34594. 



34597. 



34590. 

34591, C2. 



34592. 

34593, C2. 



34575. 



34576. 



34573. 



34577. 



34580. 



34578. 



34579. 



34585. 



34569. 



34581. 



34582. 



34574. 



34588. 



34571. 



34572. 



34583. 



34601. 

34602, C2. 



34598. 



18253. 



18315. 



18332. 



18224. 

18336, C2. 



29988. 



18125. 



18238. 



18298. 



18256. 



14571. 



18333. 



18400. 



18261. 



18236. 



18404. 



18401. 



18378. 



35333. 



18255. 



04610. 



18444. 



32061. 



18390. 



18558. 



18274. 



18389. 



18441. 



18445. 



18278. 



18413. 

18414, C2. 



18373. 



18423. 



18326. 



06804. 



18304. 



18307. 

18308, C2. 

18343, C3. 



18262. 



18331. 



18377. 



18402. 



18241. 



18243. 



18257. 



18217. 

18218, C2. 



18399. 

06786, C2. 



18310. 



18306. 



06705. 



34700. 



05413. 



18240. 



18234. 



18288. 



18429. 



18248. 

18249, C2. 



18383. 



18267. 



18384. 



18380. 



18382. 



18381. 



18246. 



18321. 



18337. 



18403. 



18264. 



18406. 



18251. 



18345. 



18422. 



18244. 



18318. 



18563. 



18316. 



18225. 



18421. 



18226. 



18301. 



18279. 



07631. 



18412. 



18314. 



18311. 



18300. 



18215. 



18323. 



18430. 



18405. 



18252. 



18411. 



18334. 



18312. 



18340. 



18418. 



18233. 

06484, C2. 



18214. 



18335. 



18417. 



18285. 



18443. 



18275. 



18320. 



18319. 



18329. 



18338. 



18242. 



18309. 



18328. 



18281. 



18416. 



18435. 



18254. 



18410. 



18272. 



18216. 



18407. 



18258. 



18385. 

18386, C2. 



 



18222. 



18431. 



06706. 



18425. 



18392. 



18324. 



18282. 



06707. 

18299, C2. 



18263. 



18210. 



18211. 



18212. 



18209. 



18330. 



18213. 



18221. 



18325. 



14640. 



18434. 



18232. 



18305. 



18433. 

18432, C2. 



31808. 



18379. 



18259. 



18277. 



03764. 



05781. 



18231. 



18289. 

18286, C2. 



18250. 



18387. 



18369. 



18396. 



18302. 



18409. 



18426. 



18427. 



18428. 



18339. 



18271. 



18341. 



18265. 



18273. 



18287. 



18438. 



18290. 



18442. 



18415. 



18313. 



18436. 



18437. 



18439. 



18393. 

18394, C2. 



18297. 



06465. 



18276. 



18219. 



18270. 



18395. 



18408. 



18419. 



18559. 



18322. 



18235. 



18342. 



33010. 



18357. 



18228. 



06230. 



18220. 



18365. 



18292. 

18291, C2. 



18245. 



07460. 



04579. 



18350. 



18293. 



18358. 



18370. 



31807. 



18355. 



01040. 



18295. 



18359. 



18557. 



18363. 

18364, C2. 



18375. 

18260, C2. 



04895. 

03744, C2. 



09291. 



18361. 



18230. 



18372. 



32195. 



18283. 



18352. 



18354. 



18367. 



18223. 



18371. 



18353. 



18294. 



18346. 



18351. 



01384. 



22650, v1. 



22651, v2. 

22652, v2, C2. 



22653. 



22654. 



22655. 



22656. 



22657. 



22658. 

22659, C2. 



22660. 



22661. 



22662. 



22664. 

22663, C2. 



22665. 



22666. 



22668. 



18933. 



34613. 



34610. 



34609. 



34604. 



34612. 

35430, C2. 



34614. 



34616. 



34605. 



34606. 



34608. 



34603. 



34615. 



34611. 



34607. 



18266. 



34617. 



34618. 



34619. 



34620. 



34621. 



34622. 



34623. 



34624. 



34625. 



34626. 



34627. 



34628. 



32584. 

36694, C2. 



18517. 



18485. 



32157. 



02175. 



18514. 



18526. 



18360. 



18564. 



30149. 



18533. 



18493. 



18349. 

18347, C2. 

18348, C2. 



18096. 

18097, C2. 

18565, C3. 



33430. 



18474. 



18356. 



18368. 



18561. 



18376. 



18567. 



31089. 



34380. 



30163. 



34533. 



03773. 



33861. 



18518. 



18458. 



18487. 



18497. 



07465. 



34629. 



34630. 



34631. 



34632. 



34633. 



34634. 



34636. 



34635. 



34638. 



34637. 



34639. 



34640. 



34642. 



34643. 



34641. 



34644. 



34645. 



34646. 



34647. 



34648. 



34649. 



34650. 



34651. 



34652. 



34653. 



34654. 



34665. 



34666. 



34663. 



34662. 



34661. 



34660. 



34659. 



34658. 



34657. 



34656. 



34655. 



34675. 



34676. 



34677. 



34678. 



34679. 



34680. 



34681. 



34670. 



34682. 



34672. 



34667. 



34668. 



34669. 



34674. 



34671. 



34684. 



34685. 



34686. 



34683. 



34687. 



34704. 



34256. 



34703. 



34743. 



34691. 



34692. 



34693. 



34698. 



34745. 



34690. 



34695. 



34694. 



34697. 



34744. 



34746. 



34748. 



34747. 



34696. 



34742. 



34689. 



34688. 



34737. 



34738. 



34741. 



34740. 



34714. 



34713. 



34712. 



34750. 



34739. 



34710. 



34749. 



34711. 



34709. 



34753. 



34752. 



34751. 



34767. 



34727. 



34730. 



34766. 



34732. 



34733. 



34734. 



34735. 



34728. 



34729. 



34736. 



34726. 



34725. 



34763. 



34764. 



34724. 



34765. 



34757. 



34762. 



34761. 



34759. 



34758. 



34760. 



34755. 



34756. 



34754. 



18527. 



18482. 



34834. 



34836. 



34837. 



34833. 



34842. 



34839. 



34840. 



34838. 



34841. 



34835. 



34854. 



34855. 



34853. 



34796. 



34797. 



34858. 



34856. 



34857. 



34795. 



34791. 



34794. 



34793. 



34790. 



34792. 



34830. 



34823. 



34824. 



34825. 



34826. 



34827. 



34828. 



34821. 



34832. 



34829. 



34831. 



34806. 



34816. 



34815. 



34818. 



34813. 



34811. 



34805. 



34809. 



34799. 



34802. 



34817. 



34807. 



34808. 



34803. 



34819. 



34798. 



34800. 



34812. 



34810. 



34814. 



34804. 



34820. 



34801. 



34849. 



34850. 



34851. 



34774. 



34775. 



34776. 



34779. 



34781. 



34777. 



34780. 



34778. 



34872. 



34873. 



34875. 



34874. 



34876. 



34868. 



34871. 



34870. 



34869. 



34866. 



34867. 



34865. 



34864. 



34863. 



34860. 



34861. 



34862. 



34886. 



34885. 



34878. 



34877. 



34879. 



34880, VOL-1. 

34881, VOL-2. 

34882, VOL-3. 



34883. 



34884. 



34859. 



34772. 



34783. 



34788. 



34771. 



18484. 



32652. 



10365. 



10361. 



18509. 



18508. 



18481. 



18524. 



10362. 



03714. 



18505. 



10364. 



03713. 



18494. 



18478. 



18495. 



33434. 



18496. 



29987. 



18553. 

18554, C2. 

18555, C3. 

18556, C4. 



18499. 



07617. 



18522. 



18519. 

01474, C2. 



18475. 



02176. 



18551. 



18459. 



03455. 



18549. 



06166. 



05436. 



05653. 



05729. 



05362. 



05369. 



05656. 



05754. 



06174. 



05608. 



27837. 



27868. 



05708. 



05431. 



18398. 



05304. 

05307, C2. 



05311. 



05450. 



27870. 



05469. 



27761. 



05765. 



05490. 



05448. 



05470. 



27833. 



05494. 



27831. 



05703. 



27817. 



01491. 



04693. 



05634. 



05776. 



18191. 



05421. 

05689. 



06784. 



05676. 



05361. 



27871. 



34905. 



27849. 



05442. 



34896. 



34897. 



34894. 



34901. 



34903. 



34902. 



34895. 



34890. 



34891. 



34888. 



34892. 



34889. 



34893. 



34900. 



34906. 



34907. 



27834. 



18247. 



18284. 



34915. 



34914. 



34908. 



34911. 



34913. 

34939, C2. 



34912. 



34910. 



34909. 



05347. 



06225. 



33123. 



33856. 



18460. 



18461. 



18486. 



18502. 



18504. 



18513. 



18479. 



18477. 



18448, VOL-1. 

31075, C2. 



18447. 



18453. 



31076, VOL-2. 



31077, VOL-3. 



18446. 



10367. 



18501. 



18507. 



10359. 



04024. 



33640. 



18452. 



18531. 

18532, C2. 



18545. 



18454. 



32153. 



18546. 



18511. 



18543. 

18544, C2. 



18525. 



18476. 



18552. 



18457. 



18467. 



18449. 



18450. 



18463. 



18534. 



18520. 



07706. 



07708. 



18529. 

18530, C2. 

09417, C3. 



33843, VOL-1. 



33844, VOL-2. 



33845, VOL-3. 



33846, VOL-4. 



18483. 



10366. 



18510. 



10360. 



18512. 



33324. 



18548. 



33847. 



18500. 



33611. 



18464. 



14634. 



33373. 



18506. 



18503. 



10363. 



18535. 

18536, C2. 

18537, C3. 



18542. 



18480. 



18470. 

18471, C2. 



01580. 



14604. 

03150, C2. 



02193. 

03434, C2. 

18462, C3. 



18473. 



18550. 



18541. 



18540. 



18465. 



18472. 



14642. 



18547. 



18455. 



18466. 



18539. 



18538. 



18135, VOL-1. 



18136, VOL-2. 



18137, VOL-3. 



18138, VOL-4. 



18139, VOL-5. 



18140, VOL-6. 



18141, VOL-7. 



18142, VOL-8. 



18143, VOL-9. 



18144, VOL-10. 



18145, VOL-11. 



18146, VOL-12. 



18147, VOL-13. 



18148, VOL-14. 



18149, VOL-15. 



18150, VOL-16. 



18151, VOL-17. 



18152, VOL-18, PART-1. 



18153, VOL-19, PART TWO. 



18154, VOL-20. 



18155, VOL-21, PART 2,3. 



18156, VOL-22. 



18157, VOL-23, PART 2,3. 



18158, VOL-24, PART-4. 



18159, VOL-25. 



18160, VOL-26. 



18161, VOL-27. 



18162, VOL-28, PART-ONE. 



18163, VOL-29, PART 2,3. 



34926. 



34917. 



34916. 



34923, VOL-2. 



34922. 

34257, C2. 



34920. 



34924. 



34919. 



34918. 



34927. 



34925. 



34921. 



34930. 



34929. 



34928. 



03763. 



18165. 



18167. 



07547. 



18168. 



18169, VOL-1. 



02273. 



18171. 



18173. 



18174. 



18182. 



19189. 



19198. 



18192. 



02172, VOL-1 PART-1. 



18193. 



18194. 



00897. 



18195. 



18196. 

18197, C2. 



18170, VOL-2(TWO). 



02263. 



02593. 



18198. 



02228. 



02428. 



02429. 



18208. 



18204. 



18205. 



02361. 



18187. 

02319, C2. 



02173. 



02592. 



18166. 



32663. 



32555. 



00878. 



34786. 



18164. 



18172. 



18175. 



02217. 



18177. 



18178. 

18181, C2. 



18179. 



18180, PART-TWO. 



18183. 



18184. 



18185. 



18186. 



18176. 



18188. 

18189, C2. 

 



18190. 



18199, VOL-1. 



18200, VOL-2. 



18201, VOL-3. 



18202, VOL-12. 



18203, VOL-13. 



18206. 



18207. 



33392. 



18026. 



18027. 



18028. 



18029. 



18030. 



18031. 



18032. 



18033. 



18034. 



18035. 



18036. 



18037. 



18038. 



18039. 



18040. 



18041. 



18042. 



18043. 



18044. 



18045. 



18046. 



18047. 



18048. 



18049. 



18050. 



18051. 



18052. 



18053. 



18054. 



18055. 



18056. 



18057. 



18058. 



18059. 



18060. 



18061. 



18062. 



18063. 



18064. 



18065. 



18066. 



18067. 



18068. 



18069. 



18070. 



18071. 



18072. 



18073. 



18074. 



18075. 



18076. 



18077. 



18078. 



18079. 



18080. 



18081. 



18082. 



18083. 



18084. 



18085. 



18086. 



18087. 



18088. 



18089. 



18090. 



18091. 



18092. 



18093. 



18094. 



18095. 



18113. 



18099. 



18100. 

18101, C2. 



18102. 



18103. 



18104. 



18105. 

06302, C2. 



18106. 



18107. 



18110. 



18111. 



18098. 



18114. 



18115. 



18116. 



18117. 



18118. 



02588. 

18133, C2. 



18119. 



18120. 



00668, C1. 

00669, C2. 



18121. 



00671. 



18122. 



18123. 



18124. 



02202. 



18108. 

02158, C2. 



00670. 



18126. 



18127. 



18128. 



18129. 



18112. 



00652. 



00646. 



18132. 



18130. 

18131, C2. 



02252. 



22802. 



33309. 



33330. 



33318. 



00655. 



00658. 



00662. 



02270. 



00641. 



00642. 

00663, C2. 



00651. 



00656. 



00653. 

00654, C2. 



00657. 



00643. 



00647. 



00644. 



00659. 



00645. 



00648. 



00649. 

00650, C2. 



00661. 



20541. 



00729. 



18134. 



00660. 



31078. 



32556. 



18566. 



05441. 



06020. 



34932. 



34933. 



34934. 



34935. 



34936. 



34937. 



34938. 



34940. 



34941. 



34942. 



34943. 



34944. 



34945. 



34946. 



34947. 



34948. 



34949. 



34950. 



34951. 



34952. 



34953. 



34954. 



34955. 



34956. 



34958. 



34957. 



34959. 



34960. 



34961. 



34962. 

34963, C2. 



34964. 



34974. 



34965. 



34966. 



34967. 

35269, C2. 



34968. 



34969. 

35266, C2. 



34970. 

35268, C2. 



34971. 



34972. 


