
34973. 



15686. 



34988. 



34987. 



34989. 



34991. 



34992. 



34986. 



34980. 



34981. 



34975. 



34976. 



34979. 



34978. 



34977. 



34982. 



35001. 



35002. 



35003. 



35004. 



35005. 



35006. 



35007. 



35008. 



35009. 



34993. 

35137, C2. 



34994. 

35133, C2. 



34995. 

35132, C2. 



34996. 

35134, C2. 



34997. 

35135, C2. 



34998. 

35136, C2. 



34999. 

35138, C2. 



35014. 



35015. 



35013. 



35011. 



35012. 



35010. 



35044. 



35045. 



35050, VOL-1. 



35051, VOL-2. 



35046. 



35048. 



35049. 



35053. 

35054, C2. 



35052. 



35058. 



35059. 



35063. 



35062. 



35061. 



35060. 



35064. 



14594. 



02350. 



20022. 



19981. 



20087. 



01733. 



19982. 



20027. 



20028. 



20032. 



00704. 

00861, C2. 



32656. 



02425. 



35335. 



19970. 



33313. 



20054. 



02225. 



32626. 



14602. 



19998. 



03746. 



20053. 



30506. 



02201. 



01732. 



20186. 



07643. 



30276. 



00761. 



32636. 



34374. 



34379. 



34785. 



35035. 



35084. 



35085. 



35086. 



35088. 



35087. 



35089. 



35090. 



35091. 



35092. 



35093. 



35094. 



35095. 



35096. 



35098. 



35097. 



35105. 



35108. 



35107. 



35109. 



35110. 



35111. 



35112. 



35106. 



35076. 



35078. 



35080. 



35081. 



35082. 



35083. 



35067. 



35070. 



35068. 



35071. 



35072. 



35073. 



35074. 



35075. 



35069. 



35103. 



35113, VOL-1. 



35114, VOL-2. 



35115, VOL-3. 



35116. 



35117. 



35118. 



35119. 



35120. 



35124. 



19990. 



02426. 



02366. 



20067. 



02216. 

20094, C2. 



20001. 



02329. 



20060. 



20002. 



02256. 



19975. 



20040. 



01079. 



01097. 



14556, VOL-2. 



32418. 



20020. 



20034. 



02416. 



20047. 



20036. 



02363. 



20077. 



20061. 



20182. 



05243. 



19968. 



20035. 



02163. 



19966. 



02135. 



02229. 

22795, C2. 



03441. 



00894. 

00896, C2. 



20017. 



20184. 



02407. 



14610. 



20048. 



02152. 



04022. 



33397. 



20055. 



20193. 



20071. 



20062. 



20063. 



02159. 



02226. 



19961. 



19972. 



19965. 



03757. 



19973. 



20066. 



02427. 



20146. 



19984. 



02378. 



19991. 



19989. 



20183. 



14562. 



20188. 



20192. 



20197. 



32657. 



20207. 



20212. 



27623. 



03431. 



20226. 



03762. 



20225. 



20208, VOL-2. 



32590. 



33342. 



32595. 



20223. 



20201. 



20210. 



20211. 



35331. 



20221. 



20209. 



20213. 



20202, VOL-2. 

02224, C2. 



20218. 



27624. 



20217. 



32588. 



20220. 



20222. 



20228. 



20205. 



20216. 



20227. 



20204. 



20206. 



20219. 



32592. 



33345. 

36153, C2. 



34378. 



20215. 



32591. 



32589. 



34532. 



20091. 

20090, C2. 

20092, C3. 



20089. 

20093, C2. 



20145. 

36154, C2. 



02258. 



02352. 



20257. 



20239. 



03429. 



14587. 



20251. 



20233. 



20232. 

02241, C2. 



22788. 



20236. 



07228. 

02237, C2. 



20230. 



30219. 



27622. 



20252. 



20254. 

20255, C2. 

20256, C3. 



20246. 

22804, C2. 

02251, C3. 

20231, C4. 



20243. 



20238. 



20244. 



02239. 



20247. 



20240. 



20249. 



20237. 



02287. 



20241. 

20242, C2. 



32580. 



32596. 

36699, C2. 



20234. 



20245. 



33339. 



20250. 



33334. 

35979, C2. 

36686, C3. 



32593. 



20253. 



32586. 



33335. 



20229. 



32581. 



32582. 



32583. 



32013. 



32571. 



32572. 



32570. 



34376. 



34537. 



33337. 



32577. 

36692, C2. 



32599. 



32598. 



20324. 



20325. 



20334. 



20330. 



20346. 



02255. 



20343. 

20098, C2. 



20332. 



20148. 



20338. 



20178. 



14613. 



20344. 



20337. 



20318. 



20328. 



20340. 



20319. 



02259. 



03432. 



02137. 



02406. 



20339. 



20335. 



07580. 



20333. 



20195. 



20321. 



20331. 



20322. 



20315. 



19985. 



20316. 

20317, C2. 



20043. 



20320. 



20342. 



20125. 



20313. 



20327. 



02192. 



20345. 



09542. 



20323. 



02408. 



20314. 



02125. 

19988, C2. 



02214. 



02292. 



32558. 



20029. 



02133. 



02122. 



02161. 



02141. 



32150. 



01069. 



27669. 



30229. 



20042. 



02341. 



30511. 



03720. 



02393. 



14633. 



19967. 



19971. 



02221. 



19999. 



02364. 



19960. 



30539. 



20163. 



33388. 



32602. 



32600. 



19993. 

20080, C2. 



02335. 



02412. 



33421. 



14564. 



07703. 



02149. 



30209. 



32557. 



32064. 



03711. 



01002. 



32587. 



20198. 



32149. 



20052. 



14627. 



20045. 



02242. 



33389. 



14580. 



34273. 



20129. 



19983. 



02206. 



19980. 



19333. 



02127. 



02227. 

20086, C2. 



19987. 



20189. 

19994, C2. 



30442. 



32624. 



32631. 



32568. 



03447. 

29958, C2. 



33395. 



20023. 



02153. 



32653. 



03797. 



30720. 



35055. 



35056. 



04020. 



35125. 



35126. 



35127. 



35128. 



35129. 



35130. 



35131. 



35139. 



35140. 



35141. 



35142. 



35143. 



35146. 



35147. 



35154. 



35148. 



35155. 



35159, PART-1. 



35160. 



35161. 



35162. 



35163. 



35164. 



35165. 



35166. 



35182. 



35180. 



35181. 



35185. 



35188. 



35183. 



35186. 



35170. 



35184. 



35187. 



35190. 



01063. 

02178, C2. 



35175. 



35173. 



35177. 



35169. 



35178. 



35179. 



35174. 



35172. 



35168. 



35171. 



35176. 



35191. 



35192. 



35194. 



35193. 



20073. 



20185. 



30210. 



20200. 



20194. 



32650. 



20004. 



19986. 



20019. 



20050. 



20021. 



00841. 

14608, C2. 

20037, C3. 



00808. 



20003. 



20070. 



02244. 



20041. 



19974. 



35330. 



05800. 



20044. 



20064. 



20199. 



20190. 



33319. 



20191. 



20082. 



20471. 



20072. 



20081. 



20057. 



02260. 



20235. 



20214, VOL-1. 



09164. 



20026. 



20046. 



20025. 



02598. 



20018. 



20078. 



00869. 



20069. 



02261. 



20084. 



30509. 



20068. 



02315. 



03718. 



33439. 



33336. 



32601. 



19959. 



19992. 



19997. 



20083. 



20024. 



32621. 



20336. 



20065. 



02503. 



19976. 



20000. 

19963, C2. 



03451. 



20051. 



20085. 



20100. 



19995. 



20039. 



20038. 



20059. 



20049. 



02386. 



19996. 



20074. 



33325. 



29952. 



02188. 

20076, C2. 



02289. 



20075. 



20058. 



19969. 



33398. 



35018. 



18498. 

27625, C2. 



20279. 



20274. 



14628. 



30444. 



02339. 



01271. 



02136. 



02253. 



20268. 



20262. 

30222, C2. 



20264. 



20265. 



20269. 



20272. 



20261. 



30157. 



20280. 



02336. 



20275. 



20270. 



20271. 



02274. 



20266. 



20267. 



20259. 



20079. 



20056. 



02139. 



20277. 

20276, C2. 



20260. 



03454. 



20273. 



20278. 



20263. 



20258. 



33427. 



34410. 



35199. 



35198. 



35202. 



35200. 



35206. 



35195. 



35201. 



35196. 



35205. 



35204. 



35203. 



35197. 



35208. 



35207. 



35216. 



35217. 



35210. 



35219. 



35218. 



35214. 



35211. 



35212. 



35213. 



35209. 



35215. 



35240. 



34716. 



35239. 



35238. 



35227. 



35235. 



35228. 



35232. 



35233. 



35234. 



35230. 



35237. 



35236. 



35231. 



35229. 



35221. 



35220. 



35223, VOL-2. 



35224. 



35222. 



35251. 



35250. 



35249. 



35248. 



35247. 



35245. 



35244, VOL-1. 



35246. 



35243. 



35242. 



35241. 



35256. 



35260. 



35258. 



35257. 



35259. 



35253. 



35252. 



35262. 



35265. 



35263. 

35264, C2. 



35270. 



35271. 



35275. 



35273. 



35272. 



35274. 



35267. 



35440. 



02100. 



02790. 



35426. 



35429. 



35431. 



35433. 



35434. 



35427. 



35428. 



35420. 



35421. 



35416, VOL-1. 



35417, VOL-2. 



35412. 



35414. 



35415. 



35409. 



35413. 



35410. 



35411. 

30924, C2. 

36871, C3. 



35424. 



35423. 



35419. 



35422. 



35425. 



35418. 

36874, C2. 



35278. 



35277. 



35279. 



35280. 



35282. 



35281. 



35606. 



35432. 



35408. 

36870, C2. 



35338. 



35339. 



35340. 



35336. 



35337. 



35313. 



35314. 



35315. 



35316. 



35317, VOL-1 (ONE). 



35318, VOL-2(TWO). 



35319. 



35320. 



35321. 



35328. 



35323. 



35322. 



35324. 



35325. 



35326. 



35327, VOL-1(ONE). 



35329. 



35309. 



35310. 



35312. 



35311. 



35344. 



35343. 



35342. 



35345. 



35348. 



35352. 



35351. 



35347. 



35350. 



35349. 



35437. 



35438. 



35439. 



35436. 



35435. 



20309. 

02183, C2. 



22803. 

20300, C2. 

20312, C3. 



20302. 



20281. 



20304. 



20296. 



02230. 



20303. 



20307. 



33405. 



20310. 



20305. 



20292. 



20294. 



20284. 

20283, C2. 



20287. 

20289, C2. 

20290, C3. 

20288, C4. 

20286, C5. 



02126. 



20301. 



02387. 

20293, C2. 



20410. 



01738. 



20308. 



20297. 



03783. 



20298. 



20299. 



02235. 



00915. 



00914. 



20311. 



14582. 



31466. 



20291. 



20295. 



03444. 



20306. 



20282. 



20285. 



33317. 



19964. 



20154. 



20150. 



20164. 



20161. 



20175. 



07624. 



20159. 



02203. 



02380. 



20179. 



20157. 

20156, C2. 

20155, C3. 



02240. 



20173. 

20172, C2. 



30174. 



02291. 



02317. 



32718. 



20176. 



31021. 



20160. 



20153. 

20152, C2. 



20158. 

22792, C2. 



20030. 



20329. 



20165. 



20167. 

20169, C2. 

20168, C3. 



32614. 



20174. 



03437. 



01109. 



20180. 



02316. 



14554. 



02140. 



20162. 



01615. 



07771. 



20170. 



14606. 



02131. 



20166. 



20177. 



35442. 



35441. 



35447. 



35449. 



35448. 



35443. 



35444. 



35456. 



35450. 

35451, C2. 



35452. 

35453, C3. 



35454. 



35455. 



35467. 



35463. 



35458. 



35459. 



35461. 



35460. 



35465. 



02600. 



20151. 



20138. 



02351. 

02414, C2. 

20112, C3. 



20117. 



20088. 



02189. 



02205. 



35468. 



35470. 



35469. 



35471. 



35472. 



20135. 



02344. 



02169. 



07549. 



07532. 



02170, V0L-1. 



02181. 



03453. 



20141. 



02164. 

20132, c2. 



00382. 



20104. 

02222, C2. 

02128, C3. 



14589. 



20109. 

20113, C2. 



20143. 



20095. 



 



20102. 



20115. 

02349, C2. 



02182. 



20116. 



07543. 



03769. 



20110. 



20142. 



20097. 



02238. 



20114. 



20103. 



20105. 



20147. 



20123. 



20131. 



14598. 



02373. 



20416. 



20121. 



14588. 



20196. 



20099. 



02129. 



20106. 



03730. 



02194, VOL-2. 



02186. 



20107. 



35475. 



20127. 



02220. 



20124. 

02155, C2. 



02187. 



03771. 



20111. 



20137. 



02165. 



31897. 



20126. 



02388. 



20128. 



00917. 



20149. 



02166. 



20144. 



02167. 



20133. 



20119. 



03729. 



20140. 



20130. 



14622. 



30208. 



20120. 



32606. 



32603. 



02168. 



20136. 



02046. 



20118. 



20134. 



31024. 



34277. 



34271. 



02210. 



34290. 



34539, VOL-1. 

34540, VOL-2. 

34541, VOL-3. 



34904. 



03448. 



35476. 



36155. 



35478. 



35477. 



35481. 



35479. 



35480. 



35482. 



35484. 



35483. 



35485. 



00993. 



01125. 



00923. 



01121. 



20347. 



01091. 

01090, C2. 



00995. 



02390. 



00936. 



01105. 



02389. 



01111. 

01112. 



00921. 

00922, C2. 



00996. 



01159. 



01151. 



01102. 



01114. 



01099. 



32203. 



20412. 



01096. 



00925. 



00989. 



01001. 



01117. 



00991. 



01092. 



01157. 



01124. 



01134. 



03456. 



30127. 



32063. 



00928. 



00933. 

01126, C2. 



20350. 



01132. 



00997. 



01113. 



00992. 



00994. 



01128. 



07578. 



20348. 



00938. 



20349. 



01093. 



04887. 



35487. 

35488, C2. 

35846, C3. 



01141. 



01138. 



07567. 



01741. 



01739. 



20171. 



01130. 



00927. 



01155. 



20351. 



01158. 



00929. 



00932. 

00931, C2. 



20352. 



01164. 



20353. 



00998. 



01104. 



03758. 



00930. 



00926. 



04868. 



01730. 



01729. 



20355. 



20354. 



01145. 

20356, C2. 



20357. 



01140. 



20358. 



20359. 



01108. 



20360. 



01142. 



01133. 



01123. 



01110. 



01120. 



00934. 



01094. 



01153. 



01087. 



01131. 



35489. 



35490. 



01100. 



01103. 



01470. 



31337. 



31336. 



30228. 



02234. 



02346. 



01148. 



00990. 



01000. 



02394. 

00924, C2. 



20362. 



00937. 



01095. 



01162. 



00939. 



01101. 



01089. 



07680. 



01127. 



01088. 



03440. 



01143. 



14586. 



01411. 



01147. 



18800. 



01107. 



20363, VOL-2(TWO). 



01144, VOL-3(THREE). 



00999, VOL-1(ONE). 



01115, VOL-2(TWO). 



01139. 



01136. 



01165. 



00935. 



01156. 



20364. 



20365. 



03449. 



02180. 



02423. 



20366. 



01146. 



01161. 



06690. 



30269. 



01118. 



20367. 



01152. 



30179. 



01743. 



29993. 



31525. 



20368. 



20369. 



20370. 



20468. 



29963. 



29964. 



29965. 



29966. 



29967. 



29968. 



30220. 



29954. 



30143. 



30254. 



30146. 



30213, VOL-1. 



30215. 



30214. 



30716. 



30676. 



32058. 



32062. 



32060. 



32057. 



32388. 



32392. 



33610. 

39587, C2. 



33860. 



34126. 



34118. 



34275. 



34282. 



34283. 



33862. 



20403. 



20469. 



20470. 



16065. 



18237. 



02729. 



05414. 



20404. 



20385. 



20384. 



20411. 



20414. 



20415. 



02162. 



20413. 



20417. 



06380. 



20419. 



20421. 



20418. 



20420. 



00735. 



20422. 



20424. 



20423. 



20425. 



06715. 



20426. 

20427, C2. 



20428. 



20429. 



20430. 



30724. 



33396. 



35016. 



35121. 



35254. 



20371. 

20372, C2. 



20373. 



03791. 



20374. 



20375. 



14620. 



01345. 



02385. 



02148. 



20376. 



20377. 



20378. 



20379. 



07520. 



02322. 



20380. 



20381. 



20382. 



20383. 

07534, C2. 

03612, C3. 

30170, C4. 



30717. 



30718. 



30719. 



20386. 



20387. 



02397. 



20388. 



20389. 



01137. 



20390. 



01135. 



20391. 



02398. 



20392. 



20393. 



07626. 



20394. 



20395. 



20396. 



20397. 



04655. 



20398. 



20399. 



20400. 



20401. 



20402. 



20405. 



20406. 



20248. 



20407. 



20408. 



20409. 



20361. 



01160. 



20472. 



20473. 



02596. 



20474. 

20486, C2. 



20475. 



07606. 



02248. 



01471. 



07469. 



20476. 



20477. 



09411. 



02311. 



02345. 



07776. 



20478. 



20643. 



20479. 



20480. 



20481. 



01154. 



35491. 

37536, C2. 



02171. 



20482. 



20483. 



20484. 



20485. 

20637, C2. 



20488. 



09426. 



20489. 



20490. 



02212. 



20491. 



20492. 



20487. 



20493. 



20494. 



20495. 



20496. 



01163. 



09367. 



20498. 



20499. 



20500. 



20501. 



22787. 



30202. 



30204. 



30218. 



30538. 



30540. 



33326. 



32199. 



32384. 



32574. 



32608. 



34502. 

34503, C2. 



33310. 



34784. 



27910. 



34718. 



14563. 



20600. 



20601. 



01414. 



02369. 



02413. 



22231. 



20602. 



20603. 



20604. 



20605. 



20606. 



20607. 



20608. 



02156. 



20609. 



01766. 



07646. 



20610. 



02146. 



20611. 

20625, C2. 



02197, VOL-4. 



20612, VOL-1. 



20613. 



20614. 



01422. 



20615. 



20617. 



20618. 



20619. 



20620. 



02347. 



20621. 



20622. 



01731. 



02119. 



20623. 



20624. 



00433. 



07591. 



04021. 



14603. 



20626. 



20627. 



04058. 



20628. 



20629. 



02332. 



20630. 



02219. 



00849. 



20631. 



20633. 



20634. 



20635. 

20636, C2. 



14560. 



20638. 



20639. 



10174. 



07645. 



14591. 



20640. 



20641. 



14558. 



20642. 



04023. 



14561. 



00879. 



07592. 



00956. 



29955. 



29951. 



30205. 



29953. 



29969. 



30537. 



30542. 



30555. 



30722. 



30723. 



31022. 



31338. 



32383. 



31339. 



32385. 



32386. 



32576. 



32594. 

37932, C2. 



32666. 



32669. 



32648. 



33311. 



33320. 



33413. 



33431. 



34279. 



34280. 



34281. 



14559. 



34377. 



20187. 



31533. 



34394. 



20558. 



20108. 

00880, C2. 



20122. 



20326. 



35122. 



34120. 



34121. 



34534. 



34887. 



35027. 



35047. 



35029. 



35030. 



35031. 



35032. 



35033. 



35492. 



35493. 



35496. 



35494. 



35495. 



02391. 



20502. 



20503. 



20504. 



02124. 



07616. 



20505. 



01116. 



20506. 



23208. 



20507. 



07229. 



07590. 



20508. 



20509. 



01037. 



20510. 



02275. 



20511. 



00635. 



20512. 



02204. 



20513. 



20514. 



20515. 



20516. 



20517. 



20518. 



20519. 



20520. 



20521. 



20522. 



20523. 



20524. 



20525. 



20527. 



20526. 



35057. 



20528. 



20529. 



04502. 



07600. 



01067. 



20530. 



20531. 



02245. 



20533. 



02579. 



20534. 



20535. 



03435. 



03436. 



20537. 



20538. 



10411. 



20539. 



10224. 



20540. 



01150. 



03782. 



20542. 



20543. 



20544. 



20546. 



20545. 



20547. 



01078. 



20548. 



20549. 



07601. 



20550. 



02587. 



07743. 



20551. 



20552. 



14617. 



07511. 



20553. 



20554. 



20557. 



20555. 



20556. 



22793. 



07514. 



29978. 



30544. 



30580. 



32370. 



32396. 



33374. 



34298. 



30433. 



33338. 



34127. 



34272. 



20341. 



19928. 



35000. 



23256. 



02177. 



23574. 



20559. 



20560. 



20561. 



06780. 



20562. 



20563. 



20564. 



20565. 



20566. 

01098, C2. 



20567. 



20568. 



20569. 



20570. 



35499, VOL-1(ONE). 



35500. 



03712. 



20571. 



20572. 



20203. 



07539. 


02371. 



30144. 



30171. 



30182. 



32719. 



31023. 



32074. 



32717. 



34116. 



34103. 



32022. 



34983. 



20573. 



20574. 



01862. 



20575. 



20576. 



20577. 



20578. 



09413. 



20579. 



20580. 



20581. 



09400. 



20582. 



09401. 



20583. 



20584. 

20586, C2. 



09422. 



20585. 



01868. 



20590. 



20589. 



02138. 



07614. 



02392. 



20588. 



20587. 



09412. 



09369. 



02415. 



30159. 



31018. 



31019. 



31020. 



32012. 



32198. 



33371. 



34297. 



20616. 



07615. 



19847. 



07588. 



14614. 



20591. 

20593, C2. 

20594, C3. 



07572. 



27626. 



35505. 



35506. 



35503. 



35502. 



35504. 



00420. 



20592. 



20595. 



20596. 



20597. 



02327. 



20598. 



20599. 



07569. 



30197. 



30147. 



30184. 



30207. 



30541. 



33393. 



33383. 



34111. 



30223. 



34114. 



34985. 



19848. 



19849. 



19850. 



19851. 



19852. 



19853. 



19854. 



19855. 



19856. 



19857. 



19858. 



19859. 



19860. 



19861. 



19862. 



19863. 

19866, C2. 



19864. 



19865. 

19867, C2. 



19868. 



19869. 



19870, VOL-3(THREE). 



19871. 



19872. 



19873. 



19874, VOL-5. 



19875, VOL-6. 



19876. 



19877. 



19878. 



19879. 



19880. 

03443, C2. 



19881. 



02174. 



19882. 



19883. 



19884. 



19885. 



19886. 



19887. 



19888. 



19889. 



19890. 



19891. 



19892. 



19893. 



19894. 



19895. 



19896. 



01315. 



19897. 



19898. 



02331. 



19899. 



19900. 



19901. 

19902, C2. 



19909. 



19911. 



19912. 



19913. 



19914. 



19915. 



19916. 



19917. 



19918. 



19919. 



19920. 



19921. 



19922. 



07529. 



07627. 



19923. 



01106. 



02200. 



19924. 



07518. 



04689. 



09423. 



19926. 



19927. 



19933. 



19930, VOL-1. 



19931. 



19932. 



19929. 

19934, C2. 



19935. 



19936. 



19937. 



19938. 



14623. 



19939. 



19941. 



19940. 



14607. 



19942. 



09468. 



19943. 



19944. 



03721. 



19945. 



14605. 



22881. 



19957. 



19946. 



03784. 

19947, C2. 

07725, C2. 



19948. 



02419. 



19949. 



19950. 



19951. 



19952. 



19953. 



19954. 



19955. 



06970. 

06971, C2. 

06972, C3. 

34373, C4. 



19956. 



22069. 



32607. 



19767. 



33390. 



05476. 



00421. 



31257. 



31258. 



31259. 



31260. 



31261. 



31262. 



31263. 



31264. 



31265. 



31268. 



31269. 



31270. 



32019. 



32020. 



32021. 



32059. 



33175. 



34984. 



30873. 



31266. 



31267. 



19645. 

19656, C2. 



19646. 



19647. 



07628. 



19649. 



19650. 



19651. 



19652. 

19653, C2. 



19654. 



19655. 



19657. 



19659. 

19660, C2. 



19661, VOL-4. 



19662, VOL.5. 



19663. 



19664. 



19665. 



19666. 



19667. 



02213. 



02130. 



00686. 



19669. 



02377. 



07538. 



19670. 



19671. 



19672. 



19673. 



19674. 



19675. 



19677. 



20725. 



19678. 

19679, C2. 



02134. 



19680. 



19681. 



02583. 



03142. 



03134. 



19683. 



19682. 



19684. 



19685. 



19686. 



19687. 



19688. 



19689. 



02418. 



02233. 



19690. 



19691. 



07462. 



19692. 



09368. 



19694. 



19693. 



02151. 



19695. 



19696. 



19697. 



19698. 



19699. 



19700. 



19701. 



19702. 



19703. 



19704. 



19705. 



19706. 



19707. 



19708. 



02157. 



30445. 



19709. 



19710. 



19711. 



19712. 



19713. 



02379. 



03728. 



19714. 



19715. 



19716. 



02375. 



19717. 



02257. 



02179. 

02143, C2. 



19718. 



07623. 



02160. 

02215, C2. 



19719. 



19720. 



19721. 



19726. 



19722. 



19723. 



19724. 



19725. 



19727. 



14616. 



02424. 



19728. 



19729. 



19730. 



19731. 



19732. 



19733. 



19734. 



19735. 



07510. 



02338. 



19736. 



19737. 

19740, C2. 



19738. 



19739. 



03148. 



19741. 



19742. 



04025. 



19743. 



19744. 



02211. 

36700, C2. 



19745. 



19746. 



10230. 



32567. 



32585. 



32604. 



32658. 



32667. 



32632. 



33344. 



33428. 



33437. 



33429. 



33401. 



33407. 



34844. 



19747. 

19753, C2. 



19748. 

19749, C2. 

19750, C3. 



19751. 



19752. 

19755, C2. 



19754. 



02376. 



19756. 



19757. 



07526. 



19758. 



19759. 



19760. 



19761. 



19762. 



19763. 



22785. 



19764. 



19765. 



19766. 



07530. 



07594. 

19769, C2. 



07577. 



19768. 



19770. 



19771. 



19772. 



19773. 



19774. 



19775. 



30031. 



01443. 



19777. 



02340. 



19778. 



19779. 



19780. 



03716. 



19781. 



19782. 



19784. 



19785. 



19786. 



19787. 



19788. 



07717. 



19789. 



19790. 



07523. 



19791. 



19792. 



01427. 



04695. 



19793. 



19794. 



19795. 



19796. 



19797. 



19798. 



19799. 



19800. 



01543. 



19801. 



02190. 



02246. 



20726. 



07189. 



19802. 



19803. 



19804. 

19805, C2 



19806. 



03722. 



19807. 



19808. 



02243. 



19809. 



19810. 



19812. 



19813. 



19814. 



19816. 



19815. 



19817. 



19818. 



19820. 

19828, C2. 



19821. 



19822. 



07768. 



02751. 



19823. 



19824. 



19825. 



07720. 



19826. 



19827. 



19829. 



19830. 



19831. 



19832. 



02232. 

07704, C2. 

19833, C3. 



19836. 



19834. 

19835, C2. 



19837. 



19838. 



19839. 



27739. 



35508. 



35507. 



35510. 



35509. 



35511. 



35512. 



19840. 



19841. 



19842. 



19843. 



19844. 



19845. 



19846. 



00757, v1. 

00758, v1, C2. 

00759, v2, C1. 

00760, v2, C2. 

00763, v3, C1. 

00762, v3, C2. 



00746. 

00745, C2. 

00744, C3. 



00666. 



00778. 



00779, v1. 

00780, v1, C2. 

02112, v1, C3. 

00781, v2, C1. 

00782, v2, C2. 

00783, v3, C1. 

00784, v3, C2. 

00785, C3. 



00719. 



00884. 

00727, C2. 



00862, v1. 

02111, v1, C2. 

00863, v2, C1. 

02118, v2, C2. 



00793. 



00873. 



06084. 



06098. 



06113. 



06114. 



06115. 



06116. 



06117. 



06118. 



06120. 



06121. 



06122. 



06123. 



06124. 



06125. 



06126. 



06127. 



06128. 



06129. 



02116. 

00855, C2. 



00872. 

02580, C2. 



00791. 



14609. 



02108. 



00753. 

00754, C2. 



14581. 



00856. 



00664. 



00676. 



00751. 



00866. 



00687. 



00796. 



00860. 

00857, C2. 

00859, C3. 

00858, C4. 

03781, C5. 



00900. 

00898, C2. 



00875. 

00692, C2. 



00871. 

00739, C2. 



00689. 



00765. 



00903, VOL-1. 

00904, VOL-2. 

00906, VOL-3. 

00908, VOL-4. 



00767. 

00766, C2. 

00768, C3. 

00675, C4. 



00702. 

00797, C2. 



00883. 



00742. 



00738. 



00743. 



00901. 



00708. 



00673. 



20005. 



00886. 



00685. 



00843. 



00988. 

02110, C2. 



00777. 



35513. 



35514. 



35515. 



35516. 



35517. 



00868. 



02265. 



00696. 



00769. 



00665. 



00839. 



20006. 



00677. 



00882. 



03760. 

00913, C2. 



02581. 



00794. 



00885. 



00852. 



02121. 



00747. 



00874. 

00786, C2. 

02109, C3. 



00775. 



00773. 



00902. 



00741. 



00907. 



00899. 



00711. 



00909. 



00893. 



00667. 



00905, VOL-2. 



00715. 

00713, C2. 

00714, C3. 



00756. 



00844. 

00846, C2. 

00845, C3. 



00877. 



02117. 

00850, C2. 

23962, C3. 



02120. 



00840. 

00732, C2. 

00733, C3. 



00800. 

00801, C2. 

00802, C3. 



00799, VOL1. 

02107, VOL-1, C2. 

00798, VOL-1, C3. 



00806, VOL-4, C2. 

00805, VOL-4, C2. 



00807, VOL-5. 



00803, VOL-3. 

00804, C2. 



00709. 



00776. 



00748. 



20009. 



00718. 



20007. 

02114, C2. 



00889. 



00847. 

00848, C2. 



20008. 

18521, C2. 



07625. 



00755. 



03776. 



00853. 



00864. 



00854. 



00731. 



00774. 

00911, C2. 



00867. 



00788. 

00789, C2. 

00790. 



00707. 

02115, C2. 

00706, C3. 

00705, C4. 



00888. 

00750, C2. 



00912. 



00842. 



00736. 

00740, C2. 



00795. 



20010. 

00717, C2. 



02113. 



00891. 



00688. 



00728. 

00865, C2. 



00716. 

00720, C2. 

00721, C3. 



14555. 



00701. 

00700, C2. 

00699, C3. 

00691, C4. 



00787. 



00690. 

00710, C2. 



00737. 



00876. 

00910, C2. 



00749. 



00870. 



20012. 

00724, C2. 

00723, C3. 

00726, C4. 

00725, C5. 



20013. 



00770. 

00764, C2. 



00698. 



00887. 



00712. 



14557. 



20014, VOL-1. 



00792. 



00697. 



00916. 



07701. 



00881. 



00890. 



00734. 



20015. 



00674. 



20016. 



27740. 



05635. 



00564. 



00563, v1. 

00561, v1, C2. 

00562, v1, C3. 



00567, v2. 



00566. 



00580. 

00581, v7, C2. 



00570, v3. 

00571, v3, C2 TBW. 

00569, v3, C3. 

00568, v3, C4. 



00575, v4. 

00574, v4, C2. 

00573, v4, C3. 

00572, v4, C4. 



00576, v5. 

00578, v5, C2. 

00577, v5, C3. 



00579. 

30440, v6, C2. 



18931. 



20455. 



14612. 



14611. 



34589. 



30137. 



30203. 



30721. 



32620. 



32622. 



32623. 



32635. 



32637. 



32638. 



32639. 

33328, C2. 



32640. 



32641. 



32642. 



32649. 



32644. 



33420. 



00892. 



32643. 



20011. 



20753. 



20758. 



20751. 



20755. 



20757. 



20752. 



20754. 



20756. 



18990. 



18950. 



19003. 



09419. 



07360. 



30242. 



07359. 



30424. 



18977. 



01520. 



07358. 



30243. 



18985. 



18986. 



18987. 



19004. 



18984. 



32977. 



19410. 



19100. 



18946. 



07365. 



18943. 



32736. 



18995. 



09165. 



09236. 



01513. 



18998. 



18994. 



19002. 



18991. 



18988. 



18974. 



18975. 



18997. 



18993. 



18999. 



18945. 



32664. 



18989. 



18951. 



19000. 



18996. 



18992. 



01511. 



10337. 



30007. 



18956. 



30006. 



18949. 



18962. 



19515. 



19197. 



20750. 



07362. 



07366. 



18958. 



18954. 



18953. 



18947. 



18976. 



35102. 



01572. 



18960. 



18978. 



01493. 



07176. 



07177. 



07179. 



07178. 



07180. 



07181. 



01030. 



01031. 



09414. 



10413. 



18944. 



19044. 



30016. 



07739. 



01016. 



02661. 



01775. 



01546. 



30418. 



30017. 



30579. 



30024. 



07730. 



07727. 



21532. 



22791. 



07363. 



18938. 



03504. 



03503. 



18980. 



18959. 



18961. 



01367. 



18957. 



14573. 



01022. 



18955. 



19644. 



03502. 



01644. 



19001. 



18940. 



30631. 



18952. 



21514. 



14575. 



14574. 



07778. 



30726. 



21513. 



10338. 



34898. 



14577. 



18983. 



14576. 



14578. 



01764. 



14579. 



01505. 



10261. 



10260. 



10262. 



03743. 



32661. 



32660. 



30739. 



01666. 



03082. 



01665. 



05798. 



33346. 



09461. 



18939. 



18941. 



34769. 



33531. 



33858. 



34102. 



18964. 



33864. 



18963. 



18969. 



18981. 



18982. 



18966. 



19206. 



18967. 



01366. 



18968. 



09460. 



18970. 



18971. 



34109. 



18965. 



33122. 



33865. 



04121. 



34105. 



07779. 



33848. 



35021. 



35020. 



35019. 



30648. 



35519. 



33348. 



33350. 



33353. 



33355. 



33356. 



33357. 



33358. 



33360. 



33361. 



33362. 



33363. 



33364. 



33365. 



33366. 



33367. 



33368. 



33369. 



33372. 



33375. 



33377. 



33380. 



33382. 



33384. 



10228. 



10226. 



10227. 



10229. 



07364. 



01061. 



10259. 



18948. 



01129. 



35520. 



01573. 



19164. 



34110. 



22789. 



03710. 



18979. 



34787. 



35524. 



35536. 



35537. 



35533. 



35527. 



35528, v1. 



35529, v2. 



35531. 



35532. 



35539. 



35538. 



35526. 



35540. 



35525. 



35535. 



35534. 



35552. 



35553. 



35544. 



35543. 



35542. 



35541. 



35550. 



35547. 



35551. 



35549. 



35548. 



35545. 



35546. 



35578. 



35561. 



35558. 



35560. 



35559. 



35557. 



35554. 



35556. 



35555. 



35573. 



35574. 



35572. 

35654, C2. 



35575. 



35577. 



35567. 



35569. 



35568. 



35566. 



35562. 



35565. 



35564. 



35563. 



35570. 



35571. 



35579. 



35580. 



35582. 



35581. 



35583. 



35585. 



35584. 



35586. 



35587. 



35589. 



35590. 

35820, C2. 



35588. 



35628. 



35609. 



35630. 



35625. 



35613. 



35607. 



35611. 



35622. 



35621. 



35645. 



35635. 



35637. 



35638. 



35629. 



35636. 



35608. 



35627. 



35617. 



35619. 



35641. 



35646. 



35614. 



35616. 



35618. 



35610. 



35623. 



35631. 



35644. 



35626. 



35620. 



35615. 



35624. 



35633. 



35634. 



35632. 



35640. 



35642. 



35639. 



35612. 



35643. 



09529, VOL-1. 

09530, VOL-1. 



09531, VOL-2. 

09533, VOL-2. 



09534, VOL-3. 

09532, VOL-3, C2. 



09535, VOL-4. 

09536, VOL-4. 



09513. 



02269. 



03788. 



02321. 



27650. 



27651. 



09527. 



09526. 



09528. 



09497. 



09525. 



09517. 



09512. 



27678. 



14595. 



09523. 



09510. 

09511, C2. 

09508, C3. 



09524. 



09602. 



09521. 



27659. 



09522. 



27652. 

09519, C2. 



27653. 



09501. 



14601. 



27654. 



27655. 

27656, C2. 



27657. 



03780. 



27675. 



27658. 



09509. 



27660. 



09518. 



10005. 



09496. 



09537. 

09502, C2. 

21372, C3. 

02370, C4. 



01331. 



09630. 



09636. 



01969. 



09779. 



07579. 



14597. 



07583. 



09507. 



03770. 

09505, C2. 



03767. 



00730. 



09503. 



03779. 



01068. 



27661. 



09516. 



03766. 



03792. 



09506. 



03775. 



09635. 



03789. 



03774. 



02417. 

03772, C2. 



27677. 



09520. 



21373. 



09379. 



35665. 

35666, C2. 



27662. 



27663. 



02383. 



14596. 



27676. 



03787. 



27664. 



27665. 



02597. 

27667, C2. 



27666. 



02196. 



02381. 



21360. 

33004, C2. 

18109, C3. 



27679. 



03790. 

33314, C2. 



27668. 



07593. 



03778. 



00546. 



07613. 



14621. 



09617. 



09620. 

09622, C2. 



14599. 



29957. 



32578. 

36150, C2. 



32579. 

36151, C2. 



32627. 



32630. 



32675. 



32747. 

33012, C2. 



33011. 



33315. 



33327. 



33340. 



33321. 



33419. 



33433. 



33436. 



33385. 



33842. 



34125. 



02557. 



34531. 

36149, C2. 



35123. 



27680. 



09611. 

09623, C2. 



01472. 

09610, C2. 



02432. 



09626. 



09607. 



03793. 



09608. 



09614. 



09618. 



01070. 

32566, C2. 



03777. 



09374. 



01614. 



03768. 



14593. 



19522. 



09833. 



27670. 



20033. 



32670. 

33409, C2. 



33410. 



33414. 



33423. 



14592. 



35036. 



35026. 



03249, VOL-1, PART-1. 



03250, VOL-1, PART-2. 



03251, VOL-2. 



03252, VOL-3, PART-1. 



03253, VOL-4, PART-2. 



03254, VOL-5. 



03255, VOL-6. 



03256, VOL-7. 



03523, VOL-8. 



03524, VOL-9. 



03525, VOL-10. 



03526, VOL-11. 



03527, VOL-12. 



03528, VOL-13. 



03529, VOL-14. 



03530, VOL-15. 



03531, VOL-16, PART-III. 



03532, VOL-16. 



03533, VOL-17, PART-1. 



03534, VOL-17, PART-2. 



03535, VOL-18. 



03536, VOL-19. 



03537, VOL-1. 



03538, VOL-2. 



03539, VOL-3. 



03540, VOL-4. 



03541, VOL-5. 



03542, VOL-6. 



30522. 



30523. 



30524. 



30525. 



30526. 



30527. 



30528. 



30529. 



30530. 



30531. 



30532. 



30533. 



30534. 



30535. 



30536. 



29959, VOL-1. 



29960, VOL-2(TWO). 



29961, VOL-3. 



29962. 



30547. 



34108. 



01473. 

01510, C2. 



09660. 



02582. 



09491. 



09486. 



01542. 



02599. 

09498, C2. 

09499, C3. 



09500. 



09515. 



10184. 



00703. 



09628. 



27649. 



02198, VOL-2. 



30221. 



30224. 



32023. 



35599. 

35689, C2. 



32609. 



32615. 



33441. 



33387. 



33323. 



35591. 



35592. 



35593. 



35594. 



35604. 



35602. 



35595, VOL-1. 



35596, VOL-2. 



35597, VOL-3. 



35598, VOL-4. 



19207. 



35600. 



35601. 



35605. 



35603. 



09492. 



09629. 



01445. 

01446, C2. 

36188, C3. 



35649. 



35650. 



35648. 



35647. 



35651. 



35652. 



09489. 



09490. 

09640, C2. 



14631. 



01332, V1. 



07587. 



09484. 

09488, C2. 

09487, C3. 



09479. 



09641. 



09482. 

09919, C2. 



09603. 



09480. 

09634, C2. 



00678. 

00679, C2. 

00680, C3. 



00672. 



09485. 



09483. 



09642. 



09494. 



09631. 



08300, voL-1. 



09612. 



09613. 



27671. 

09595, C2. 



09988. 



09952. 



09834. 



09875. 



09916. 



14590. 



32610. 



32611. 



32628. 



32629. 



32633. 



32654. 



07586. 



09481. 

09605, C2. 



35028. 



30916. 



35660. 



35658. 



35659. 



35653. 



35655. 



35656. 



35657. 



35661, VOL-1. 



35662, VOL-2. 



35663, VOL-1. 



35664, VOL-2. 



35576. 



02271. 



02326. 

02250, C2. 



02272. 



02145. 



02268. 



16009. 



16008. 



02324. 



02249. 



02132. 



02191. 

16010, C2. 



03439. 



02195. 

09594, C2. 

09543, C3. 



16011. 



16012. 



16013. 



16014. 



16015. 

16016, C2. 



16017. 



16018, VOL-2. 

16023, C2, VOL-2. 



16019. 

16020, C2. 

09938, C3. 



16021. 



02727. 



09691. 



16022. 



16024, VOL-1. 

09680, VOL-1, C2. 



01971, PART-1. 



01972, PART-2(TWO). 



30725. 



09390. 



09662. 



09706. 

09705, C2. 



01086. 

09693, C2. 



09780. 



09935. 



09789. 



09785. 

09786, C2. 



09791. 

30165, C2. 



09809. 



07391. 



09958. 



02266. 

09671, C2. 



09783. 

09784, C2. 



09788. 



02123. 



09787. 



09714. 



09665. 

09664, C2. 

09663, C3. 



09667. 

09668, C2. 



09666. 



09674. 

09684, C2. 



09677. 



09685. 



09683. 



09687. 



09670. 



09675. 



09704. 



09712. 



09711. 



09710. 

09689, C2. 

09681, C3. 



09703. 



09795. 

09794, C2. 



09793. 



16040. 



09792. 



09810. 



09544. 



09707. 



09790. 



01970. 



01974. 



09698. 



09811. 



09801. 



09694. 



09682. 



09661. 



09709. 



09708. 



09679. 



09678. 



02438. 



01973. 



02264. 



09690. 



02328. 



09688. 



09673. 



09686. 



09692. 



09939. 



16036. 



16037. 



16038. 



09601. 



09669. 



16039. 



35682. 



09782. 



35667. 



35671. 



35672. 



35668. 



35669. 



35670. 



35681. 



35679. 



35680. 



35676. 



35675. 



35673. 



35678. 



35677. 



35674. 



30198. 



30199. 



30200. 



30201. 



30211. 



30212. 



30216. 



30217. 



30226. 



30443. 



30507. 



31297. 



32634. 



32597. 



32766. 



32767. 



32765. 



34284. 



34484. 



35457. 



35521. 

35522, C2. 



16007. 



35150. 



35683. 

36879, C2. 



02443. 



02262. 



09420, PART-1(ONE). 



09421, PART-2(TWO). 



03715, VOL-1(ONE). 



03794, VOL-2(TW0). 



09659. 



09807. 



09806. 



09598. 



09808. 



02231. 



02185. 



09547. 



02045. 



09654. 



02209. 



07169. 



03731. 



02435, PART-1(ONE). 



09804. 



10015. 



09813. 



09778. 



09701. 



09812. 

36152, C2. 



09781. 



09798. 


