
36192, VOL 4, PART 4. 



36193, VOL 5, PART 1. 



36194, VOL 6, PART 2. 



36195, VOL 7, PART 1. 



36196, VOL 8, PART 2. 



36197, VOL 9, PART 3. 



36198, VOL 10, PART 4. 



36199, VOL 11, PART 5. 



36162, PART 1. 



36163, PART 2. 



36160. 



36161. 



36158. 



36230. 



36231. 



01235. 



01236. 



01237. 



01238. 



01239. 



01240. 



02945. 



02946. 



02947. 



02948. 



02949. 



02950. 



02951. 



02952. 



02953. 



02954. 



02955. 



02956. 



02957. 



02958. 



02959. 



02960. 



02961. 



02962. 



18766, VOL 1. 



18767, VOL 2. 



18768, VOL 3. 



36234. 



36232. 



36237. 



36233. 



36238. 



36236. 



36235. 



36239. 



36211. 



18886. 



18888. 



02944. 



18924. 



18925. 



18926. 



18927, VOL 1. 



18928. 



18930. 



32730. 

32729, C2. 



32559. 



10318. 



09646. 



01321. 



09990. 



09957. 



01077. 



02049. 



09877. 



09896. 



10185. 



09866. 

09867, C2. 



09983. 

09982, C2. 



09922, WITHDRAWN. 



09904 



09905. 



09993. 



16004. 



03299. 

03301, C2. 



03969. 



09967. 



02436. 



09766. 



10014. 



27621. 



15176. 



16260. 



30915. 



31299. 



31017. 



33495. 



35298. 



30914. 



33331. 



36240, VOL 1. 



36241, VOL 2. 



36242, VOL 3 



36243, VOL 4 



36244, VOL 5. 



36245, VOL 6. 



36246, VOL 7. 



36247, VOL 8. 



36248, VOL 9. 



35283. 



09987. 



09989. 



09998. 



10011. 



10013. 



09932. 



09962. 



04488. 



03295. 



09995 



09372. 



01310. 



10012. 



10009. 



10010. 



09580. 



09963. 



09581. 



09886. 



15999. 



06361. 



09999 



03300. 



01322. 



09949. 



09965. 



16000. 



09941. 

09878, C2. 

09942, C3. 



09928. 



09865. 



09927. 



01312. 



09943. 



09946. 



15996. 



10019. 



09956. 



03269. 



09871. 



09852. 



09885. 



09955. 



09954. 



01311. 



09579. 



00895. 



09851. 



09887. 



01320. 



03268. 



09920. 



09923. 



09948. 



09979. 



10001. 



09770. 



09763. 



09739. 



09879. 



09765. 



16001. 



09945. 



01323. 



09944. 



00752. 



09881. 



09854. 



09950. 



09978. 



09644. 



09951. 



09855. 



09929. 



09931. 



09918. 



01319. 



09769. 



09936. 



03292. 



09940. 



10000. 



04027. 



09972. 



09924. 



09994. 



04044. 



36300, VOL 1. 



36301, VOL 2. 



36302, VOL 3. 



36303, VOL 4. 



36290, PART 1. 



36291, PART 2. 



36297. 



36296. 



36294. 



36292. 



36293. 



36286. 



36282. 



36285. 



36281. 



36287. 



36295. 



36263. 



36260. 



36261. 



36264. 



36258. 



36252, VOL 1. 



36253, VOL 2. 



36254, VOL 3. 



36255, VOL 4. 



36256, VOL 5. 



36269. 



36268. 



36265. 



36270. 



36273. 



36299. 



36250. 



36251. 



36272. 



36271. 



36266. 



36262. 



36267. 



36326. 

36327, C2. 



36325. 



36328. 



36283. 



36284. 



36249. 



36257. 



36259. 



36274. 



36275. 



36276. 



36277. 



36278. 



36279. 



36280. 



36288. 



36298. 



36339. 



36338. 



36341. 



36342. 



36345. 



36346. 



36348. 



36340. 



36289. 



36329, VOL 15, PART 1. 



36330, VOL 16, PART 2. 



36331, VOL 17, PART 3. 



36332, VOL 18, PART 4. 



36333, VOL 19, PART 5. 



36334. 



36335. 



36336. 



36337. 



36311. 



34508. 



36382. 



36385. 



36379. 



36380. 



36384. 



36378. 



36386. 



36377. 



36373. 



36381. 



36375. 



36374. 



36376. 



36388. 



36389. 



36383. 



36387. 



36415. 



36397. 



36399. 



36413. 



36419. 



36414. 



36409. 



36411. 



36412. 



36403. 



36404. 



36405. 



36406, VOL 2. 



36394. 



36395. 



36401. 



36402. 



36396. 



36393. 



36392. 



36391. 



36390. 



36407. 



36398. 



36400. 



36418. 



36417. 



36416. 



36410. 



36420. 



36408. 



36421. 



36422. 



36424. 



36423. 



36425. 



36351. 



36350. 



36352, VOL 1. 



36353, VOL 2. 



36354. 



36306. 



36307. 



36308. 



36317. 



36318. 



36319. 



36320. 



36347. 



36343. 



36305. 



36304. 



36312. 



36349. 



36344. 



36313. 



36315. 



36314. 



36470. 



36355. 



36356. 



36357. 



36358. 



36359. 



36462. 



36460. 



36458. 



36457. 



36455. 



36454. 



36456. 



36459. 



36479. 



36469. 



36467. 



36468. 



36465. 



36464. 



36463. 



36466. 



36365. 



36370. 



36361. 



36360. 



36368. 



36366. 



36369. 



36363. 



36364. 



36362. 



36372. 



36371. 



36367. 



36426. 



36431. 

33682, C2. 



36427. 



36428. 



36433. 



36434. 



36429. 



36435. 



36436. 



36450. 



36448. 



36443. 



36446. 



36447. 



36449. 



36451. 



36453. 



36452. 



36442. 



36444. 



36445. 



36437. 



36441, VOL 4. 



36440, VOL 3. 



36439, VOL 2. 



36438. 



36430. 



36432. 



36309. 



36310. 



36481. 



36482. 



36475. 



36471. 



36499. 



36504. 



36489. 



36488. 



36535. 



36486. 



36523. 



36490. 



36478. 



36496. 



36477. 



36522. 



36508. 



36485. 



36498. 



36528. 



36503. 



36530. 

36531, C2. 



36502. 



36529. 



36515. 



36519. 



36473. 



36476. 



36511. 



36524. 



36521. 



36533. 



36518. 



36494, VOL 1. 



36495, VOL 2. 



36507. 



36525. 



36516. 



36491. 



36484. 



36483. 



36537. 



36536. 



36497. 



36514. 



36513. 



36510. 



36506. 



36501. 



36527. 



36526. 



36512. 



36509. 



36520. 



36517. 



36480. 



36487. 



36472. 



36500. 



36505. 



36534. 



36492, VOL 1. 



36493, VOL 2. 



36474. 



36532. 



36538. 



36539. 



36540. 



36545. 



36546. 

36547, C2. 



36548. 

36549, C2. 



36541. 

36542, C2. 



36543. 

36544, C2. 



36316. 



36556. 



36554. 



36552. 



36551. 



36555. 



36553. 



36557. 



36567. 



36561. 



36562. 



36558. 



36564. 



36563, PART 2. 



36560. 



36565. 



36559. 



36566. 



36568. 



09959. 



03289. 



03263. 



10017. 



10002. 



22494. 



22500. 



22493. 



22498. 



30357. 



30359. 



30356. 



30358. 



30361. 



04481. 

09966, C2, VOL 1. 



31298. 



31839. 



31838. 



31830. 



32076. 



33500, PART-1. 



33501, PART-2. 



33494. 



33499. 



34117. 



34119. 



32684. 



36156. 



34263. 



35285. 



35289. 



35288. 



35290. 

38366, C2. 



35300. 



35302. 



35306. 



35307. 



35297. 



35486. 



04482, VOL 2. 



04484, VOL 4. 



07634, VOL 5. 



04483. 



12437. 



09652. 



04041. 



03270. 



09986. 



09981. 



09980. 



09992. 



09651. 



09650. 



10177, VOL 6. 



09773. 



09771. 



09964. 



09377. 



12438. 



09657. 



15995. 



15174. 



15177. 



30353. 



30363. 



32682. 



16002. 



36157. 



36159. 



36604. 



36601. 



36599. 



36608. 



36605. 



36606. 



36600. 



36609. 



36603. 



36607. 



36602. 



36598. 



36612. 



36592. 



36593. 



36594. 



36590. 



36591. 



36610. 



36574. 



36586. 



36583. 



36585. 



36582. 



36584. 



36579. 



36587. 



36589. 



36611. 



36580. 



36578. 



36575. 



36576. 



36577. 



36596. 



36588. 



36597. 



36581. 



36595. 



36613. 



36571. 



36570, VOL 2. 



36614. 



36572. 



36573. 



36569. 



36615. 



35296. 



36619. 



36616. 



36617. 



36618. 

37106, C2. 



36621. 



36625. 



36624. 



36623. 



36622. 



36633. 



36634. 



36635. 



36631. 



36640. 



36632. 



36628. 



36629. 



36630. 



36639. 



36636. 



36638. 



36637. 



35758. 



09917. 



10003. 



10006. 

16003, C2. 



09970. 

09971, C2. 



09977. 



09976. 



01324. 



09868. 



09915. 



09903. 



09974. 



09975. 



09985. 



22497. 



22496. 



22495. 



22501. 



35760. 



01393, VOL 1. 



09906. 

09973, C2. 



04039. 



10176. 



01395. 



01394, VOL 2. 



09933. 



09901. 



09911. 



09909. 

09910, C2. 



09900. 



09902. 



12434. 



09907. 

09908, C2. 



09913. 

09914, C2. 



09912. 



02052. 



09870. 



09802. 



04040. 



09371. 



15173. 



30702. 



31308. 



32382. 



32678. 



33332. 



35299. 



36165. 



31828. 



09385. 



10016. 



04057. 

09746, C2. 



10008. 

09722, C2. 

09741, C3. 



09831. 



03273, PART-3. 



03274, PART-4. 



03275, PART-5. 



03276, PART-6. 



03277, PART-7. 



03278, PART-8. 



03279, PART-9. 



03280, PART-10. 



03281, PART-11 ELEVEN. 



03282, PART-12. 



03283, PART-13. 



03284, PART 14. 



03285, PART 15. 



03286, PART 16. 



03287, PART 17. 



03288, PART 18. 



03258, PART-1. 



03259, PART-2. 



03260, PART-3. 



03261, PART-TURIYA. 



03264, PART-5. 



09934. 



09725. 

09742, C2. 



04056. 



09658. 



09753. 



09830. 



09720. 



09724. 



09721. 



09730. 



09727. 



09728. 



09767. 



09759. 



09760. 



09740. 



02288. 



09768. 



09762. 



09744. 



09743. 



09756. 

09754, C2. 

16042, C3. 

09755, C4. 



09775. 



02057. 



09729. 



09745. 



09752. 

09751, C2. 

09750, C3. 

09749, C4. 

09748, C5. 



09737. 



09738, VOL-2. 



09758. 



03271, PART 1. 



03272. 



01309. 



09655. 



09757. 



01350. 



10181. 



10007. 



09747. 



40433. 



03298. 



03262. 



09723. 



10178. 



09761. 



15175. 



30922. 



32676. 



32683. 



35284. 



35729. 



09892. 



09925. 

09816, C2. 



09649. 



09863. 



09604. 



09872. 

09873, C2. 



10182. 



09880. 



09843. 



09869. 



09845. 



09858. 

09861, C2. 



09846. 



09969. 



09849. 



09848. 



09897. 



09894. 



09895. 



09899. 



09898. 



09777. 



09860. 



09850. 



09847. 



07632. 



09996. 



01772. 



09842. 



09837. 



09947. 



09890. 



09829. 



09884. 

09883, C2. 



01313. 



09953. 



09856. 



09930. 



09961. 



09864. 



09882. 



09366. 



09647. 



09968. 



09764. 



09726. 



09774. 



09857. 



01306. 



09859. 



07633. 



09844. 



09384. 



09841. 



09836. 



09862. 



09891. 



09388. 



09853. 



09386. 



09839. 



09888. 

09889, C2. 



09893. 



08515. 



09926. 



09405. 



09815. 



36166. 



09838. 



15997. 



15998. 



09493. 



19977. 

19978, C2. 

19979, C3. 



33496. 



34261. 



35304. 



35308. 



27619. 



09991. 



16258, VOL 1. 



16259, VOL 2. 



16262. 



22499. 



30352. 



30354. 



30355. 



30921. 



30920. 



31320. 



31834. 



31835. 



32679, PART-1. 



32680, PART-2. 



32685, VOL 1. 



32686, VOL-2. 



32687, VOL 3. 



32688, VOL 4. 



35286. 



34262. 



35291. 



35292, VOL-1. 



35293, VOL 2. 



35294, VOL-3. 



35295, VOL 4. 



35301. 



35305. 



32677 



36164. 



31836 



09997 



16046. 



04055. 



04067. 



09818. 



04042. 



09822. 



04054. 



09835. 



09825. 



09382. 



04059. 



09826. 



09984. 



04043. 



09824. 



04065. 



04063. 



04062. 



04064. 



03293. 

03294, C2. 



04060, PART-1. 



04061, PART-2. 



16043. 



10186. 



16044. 



03297. 



09832. 

09874, C2. 



16045. 



16047. 



09827. 



09828. 



36642. 



10004. 



16048. 



35960, VOL 1. 



35961, VOL 2. 



35962, VOL 3. 



01548. 



25845. 



36641. 



36550. 



36737. 



36678. 



36679. 



36684. 



36680. 



36682. 



36683. 



05047. 



05141. 



22508. 



22509. 



22510. 



22511. 



22512. 



22513. 



22514. 



22515. 



22516. 



22517. 



22518. 



22519, VOL 2. 



22520. 



22521. 



22522. 



22523. 



22524. 



22525. 

22526, C2. 



22527, PART-1. 



22528, PART-3. 



22529. 



22530. 



22531. 



22532. 

22533, C2. 

22534, C3. 



22535. 



22536. 



01643. 



22537. 



22538. 



22539. 



22540. 



07527. 

22543, C2. 



22541. 



22542. 



22544. 



22545. 



22546. 



22547, VOL 1. 



22548. 



22549. 



22550. 



22551. 



22552. 



22553. 



22554. 



03146. 



22555. 



29837. 



22556. 



22557. 



22558. 



22559. 



22560. 



22561. 



22562. 



22563. 



22564. 



22565. 



22566. 



22567. 



22568. 



22569. 



22570 , PART-2. 



22619. 



29838. 



29839. 



22621. 



22571. 



22572. 



07649. 



22573. 



07216. 



22574. 



22575. 



22576. 



07714. 



07647. 



22577. 



07648. 



22578. 



22579. 



22580. 



22581. 



22582. 



22583. 



22584. 



22585. 



22586. 



22587. 



22588. 



22589. 



22590. 



01074. 



01554. 



01744. 



22591. 



22592. 



16175. 



01336. 



32146. 



34843. 



34848. 



33096. 



22593. 



02589. 



07774. 



05977. 



22594. 



22596. 



22595. 



22597. 



22602. 



22598. 



03765. 



05971. 



01579. 



22599. 



06703. 



07276. 



07726. 



07630. 



22600. 



22601. 



22603. 



06629. 



01747. 



35189. 



01042. 



03726. 



07218. 



22604. 



22605. 



22606. 



14619. 



22607. 



22608. 



07712. 



07512. 



07595. 



07718. 



22609. 



22610. 



22611. 



22612. 



22613. 



22614. 



22615. 



07517. 



22616. 



22617. 



22618. 



07524. 



07544. 



07513. 



29840. 



07596. 



03727. 



22620. 



03724. 



22622. 



22623. 



07716. 



07540. 



07528. 



36718. 



36719. 



36716. 



36717. 



36707. 



36710. 



36709. 



36715. 



36713. 



36712. 



36711. 



36714. 



36696. 



36705. 



36690. 



36685. 



36698. 



36702. 



36688. 



36687. 



36697. 



36689. 



36701. 



36693. 



36695. 



36691. 



36704. 



36706. 



36703. 



36726. 



36724. 



36725. 



36729. 



36728. 



36727. 



36730. 



36733. 



36736. 



36732. 



36735. 



36731. 



36734. 



36889, VOL-1. 



36869, VOL 2. 



36720. 



36721. 



36722. 



36741. 



36739. 



36738. 



36886. 



36883. 



36884. 



36878. 



36877. 



36885. 



36887. 



36901. 



36899. 



36902. 



36797. 



36792. 



36788. 



36782. 



36783, VOL 1. 



36785, VOL 2. 



36789. 



36794. 



36791, VOL 2. 



36790, VOL 1. 



36781. 



36793. 



36795. 



36798. 



36796. 



36752. 



36751. 



36754. 



36755. 



36748. 



36747. 



36753. 



36750. 



22624. 



36764. 



36769. 



36745. 



36746. 



36770. 



36771. 



36749. 



36740. 



36763. 



36760. 



36766. 



36765. 



36756. 



36758. 



36757. 



36759. 



36762. 



36768. 



36761. 



36767. 



36742, VOL 1. 



36743, VOL 2. 



36744, VOL 3. 



36819. 



36817. 



36818. 



36800. 



36816. 



36814. 



36820. 



36815. 



36822. 



36835. 



36843. 



36944, VOL-2. 



36837. 



36838. 



36830. 



36827. 



36828. 



36839. 



36833. 



36832. 



36811. 



36812. 



36825. 



36840. 



36829. 



36834. 



36831. 



36836. 



36824. 



36826. 



36823. 



36813. 



36841. 



36842. 



36821. 



36809. 



36810. 



36804. 



36801. 



36802. 



36803. 



36806. 



36805. 



36807. 



36808. 



36852. 



36845. 



36844. 



36847. 



36850. 



36853. 



36846. 



36849. 



36848. 



36851. 



36866. 



36867. 



36888. 



36868. 



36784, VOL 1. 



36786, VOL 2. 



36787. 



36900. 



36897. 



36895. 



36896. 



36873. 



36881. 



36876. 



36875. 

39912, C2. 



36872. 



36882. 



36880. 



36893. 



36894. 



36891. 



36892. 



36865. 



36857. 



36856. 



36854. 



36855. 



36862. 



36864. 



36863. 



36861. 



36859. 



36860. 



36858. 



36890. 



36903. 



36904. 



22625. 



36898. 



36773. 



36772. 



36780. 



36779. 



36774. 



36778. 



36777. 



36776. 



36799. 



36775. 



22626. 



22627. 



22628. 



22629. 



22630. 



22631. 



22632. 



22633. 



22634. 



22635. 



22636. 



22637. 



22638. 



22639. 



01746. 



22640. 



03881. 



22641. 



22642. 



22644. 



22643. 



22645. 



22646. 



22647. 



22648. 



02586. 



01767. 



22649. 



30132. 



30186. 



31074. 



32451. 



33758. 



18303. 



34719. 



34721. 



18523. 



05355. 



05426. 



35099. 



32144, VOL-1. 



18468, VOL-3. 



18469, VOL 4. 



21610, PART 1. 



21612, PART 2. 



21613, PART 3. 



21611, VOL 1 PART-2. 



21614, VOL 4. 



21615. 



21616. 



21617. 



21618. 



21619. 



21620. 



07582. 



21621. 



33438. 



21622. 



21623. 



21624. 

21868, C2. 



21625. 



21626. 



21627. 



21628. 



21629. 



21630. 



21631. 



21632. 



21633. 



21634. 



21635. 



21636. 



21637. 



21638. 



21639. 



21640. 



07597. 



21641. 



21642. 



21643. 



21644. 



21645. 



21646. 



21647. 



21648. 



21649. 



21650. 



21651. 



17476. 



21652. 



21653. 



03798. 



21654. 



21655. 



21656. 



21658. 



21657. 



21659. 



21660. 

21690, C2. 



21661. 



21662. 



21663. 



21664. 



21665. 



21666. 



21667. 



02591. 



21669. 



21670. 



21671. 



21672. 

21683, C2. 



21676. 



21677. 



21682. 



21684. 



21685. 



21686. 

21693, C2. 



21687. 



21688. 



21689. 



 



21691. 



21692. 



21694. 



21696. 



21695. 



21697. 



21698. 



21699. 



21700. 



21701. 



21703. 



21706. 



21710. 



21711. 



21712. 



21713. 



21714. 



21715. 



21716. 



21717. 



21718. 



21719. 



21720. 



21722. 



21721. 



21724. 



21725. 



21726. 



21728. 



21729. 



21832. 



 



21732. 



21733. 

21746, C2. 



21734. 



21735. 



21736. 



21737. 



21738. 



21739. 



21740. 



21741. 



21742. 



21743. 

21779, C2. 



21744. 



21745. 



21748. 



21747. 



21749. 



21750. 

21751, C2. 



21752. 



21753. 



21754. 



21755. 



21756. 

21757, C2. 

21758, C3. 

21759, C4. 



21760. 



21761. 



21762. 



21763. 



21764. 



21765. 



21766. 



21767. 



21768. 



21769. 

21770, C2. 



21771. 



21772. 



21773. 



21774. 



21775. 



21776. 



21777. 



21778. 



21780. 



21781. 



21782. 



21783. 



21787. 



21788. 



21789. 



21790. 



21791. 



21792. 



21793. 



21794. 



21799. 



21800. 



21797. 



21805. 



21806. 



21807. 



21808. 



23920. 



21809. 



21810. 



21811. 



21812. 



21813. 



21814. 



21815. 



18562. 



21816. 



21817. 



21818. 

21819, C2. 



21820. 



21844. 



21821. 



21822. 



21823. 



21824. 



21825. 

21826, C2. 



21827. 



21828. 



21829. 



21831. 



21833. 



21834. 



21835. 



21837. 



21839. 



21841. 



21843. 



21845. 



21846. 

21847, C2. 

21848, C3. 



21849. 



21850. 



21852. 



21859. 



21860. 



21861. 

21872, C2. 



21862. 



21863. 



21864. 



21865. 



21866. 



21869. 



21867. 



21870. 



21871. 



21873. 



22124. 



21875. 



21881. 



21887. 



21917. 



21918. 



21919. 



21920. 



21921. 

21922, C2. 



21923. 



21924. 



21925. 

21942, C2. 



21926. 

21927, C2. 



21928. 



21929. 



 



21930. 



21931. 



21932. 



21933. 



21934. 



21936. 



21937. 



21938. 



21939. 



21940. 



21952. 



21953. 



21954. 



21955. 



21956. 



21957. 



21892. 

21893, C2. 

21894, C3. 



21895. 



21896. 



21941. 



21943. 



21945. 



21946. 



21947. 



21948. 



21949. 



21950. 



21951. 



21897. 



21898. 



21899. 



21900. 



21901. 



21903. 



21905. 



21906. 



21907. 



21908. 



01316. 



21909. 



21910. 



21911. 



01612. 



21913. 



21914. 



21915. 



21916. 



36908, VOL 6. 



36905. 



36906. 



36620. 



21959. 



21960. 



21961. 



21962. 



21963. 



21964. 



21965. 



21966. 



21967. 



21968. 



21969. 



21970. 



21971. 



21972. 



21973. 



21974. 



21975. 



21976. 



21977. 



21978. 



07019. 



21979. 



21980. 



21981. 



21982. 



21983. 



21984. 



21985. 

22015, C2. 



21986. 



21987. 



21988. 



21989. 



21990. 



21991. 



21993. 



21994. 



21995. 



21996. 



21997. 



21998. 



21992. 



21999. 



22001. 



22000. 



22002. 



22003. 



22004. 



22005. 



22006. 



22007. 



22008. 



22009. 



22010. 



22011. 



22012. 



22013. 



22014. 



22181. 



18424. 



06359. 



22036. 



22030. 



22034. 



22017. 



22032. 



22068. 

22042, C2. 



22026. 



22031. 

22041, C2. 



22033. 

22047, C2. 



22025. 



22037. 



22024. 



22020. 



22023. 



22021. 

22022, C2. 



22029. 



22065. 



22067. 



22053. 



22061. 



22040. 



22058. 



22057. 



22051. 



22071. 

22070, C2. 



22043. 



22052. 



22072. 



22046. 



22055. 



22073. 



22059. 



22060. 



22050. 



22049. 



22048. 



22045. 



22056. 



22074. 



22122. 

22123, C2. 



22133. 



22134. 



22135. 



06282. 



22136. 



22137. 



22138. 



22139. 



22140. 



29842. 



22121. 



22141. 



29841. 



22142. 



22143. 



22144. 



22145. 



22146. 



22147. 



22130. 



22132. 



22148. 



22129. 

22128, C2. 



22149. 



29843. 



22150. 



22151. 



22152. 



22153. 



22154. 



22155. 



22156. 



22125. 



22126. 



22127. 



22157. 



22158. 



22102. 



22103. 



01544. 



22104. 



22105. 



22106. 



22107. 



22108. 



22109. 



22110. 



22111. 



22112. 



22114. 



22115. 



22116. 



22117. 



22118. 



22119. 



22162. 



22120. 



22163. 



22164. 



22165. 



22166. 



01613. 



22167. 



22168. 



22169. 



22170. 



22171. 



22172. 



22173. 



22174. 



22175. 



22113. 



22131. 



22176. 



22177. 



22178. 



22179. 



02577. 



22180. 



22159. 

22160, C2. 



22161. 



22076. 



22077. 



22078. 

22079, C2. 



22089. 



22090. 

22091, C2. 



22831. 



22095. 



22083. 



22096. 



22097. 



22098. 



22099. 



22101. 



03736. 



22669. 



22182. 

22183, C2. 



22184. 



22185. 



22186. 



22187. 



22188. 



22189. 



22190. 



22191. 



22192. 



22193. 



22194. 



22670. 



22671. 



22673. 



22672. 



22674. 



22195. 



22196. 



22197. 



22198. 



22199. 



22200. 



22201. 



22202. 



22203. 



22204. 



22205. 



22207. 



22206. 



22208. 



22209. 



36909. 



36911. 



36910. 



36912. 



36913. 



36916. 



36914. 



36915. 



36920. 



36919. 



36921. 



36922. 



36923. 



36924. 



36925. 



36926. 



36927. 



36928. 



36929. 



36930. 



36931. 



36932. 



36918. 



36951. 



36948. 



36945. 



36946. 



36950. 



36947. 



36949. 



36952. 



36954. 



36955. 



36956. 



36957. 



36958. 



36953. 



36938. 



36940. 



36939. 



36935. 



36934. 



36936. 



36937. 



36933. 



36941. 



36917. 



36943. 



36942. 



36959. 

36960, C2 



36961. 



22210. 



22211. 



22212. 



22213. 



22214. 



22215. 



22216. 



22217. 



22218. 



22219. 



22220. 



22221. 



22222. 



22223. 



22224. 



22225. 



22226. 



22229. 



22227. 



22228. 



07531. 



22232. 



22233. 



22234. 



22235. 



22236. 



22237. 



22238. 



22239. 



22240. 



22242. 



22243. 



22244. 



22241. 



22245. 



22246. 



22247. 



22248. 



22249. 



22250. 



22251. 



22252. 



22253. 



22254. 



22255. 



22256. 



22257. 



22258. 



22259. 



36962. 



36963. 



36965. 



36966. 



36970. 



36969. 



36968. 



36967. 



36971. 



36972. 



22260. 



22261. 



22262. 



22263. 



22264. 



22265. 



22266. 



22267. 



22269. 



22268. 



22270. 



22271. 



22272. 



22273. 



22274. 



22275. 



22276. 



22277. 



22278. 



22279. 



22280. 



22281. 



22282. 

22283, C2. 



37004. 



37020. 



37023. 



37021. 



37019. 



37018. 



37017. 



37016. 



37015. 



37014. 



37013. 



37012. 



37011. 



37010. 



37009. 



37008. 



37007. 



37006. 



37002. 



37005. 



37022. 



37003. 



36973. 



36974. 



36975. 



37025. 



37024. 



37026. 



37027. 



37028. 



37029. 



36976. 



36977. 



36978. 



36979. 



36980. 



36981. 



36982. 



36983. 



36984. 



37039. 



37030. 



37031. 



37032. 



37037. 



37035. 



37036. 



37034. 



37033. 



37038. 



36995. 



36986. 



37001. 



36988. 



36993. 



36991. 



36994. 



36990. 



36985. 



36987. 



36998. 



36997. 



37000. 



36999. 



36996. 



36989. 



36992. 



37040, VOL-4. 



37041, VOL-5. 



37042, VOL-6. 



37043, VOL-7. 



37044, VOL-8. 



37045. 



37046. 



37047. 



37049. 



37048. 



37051. 



37050. 



37052. 



37053. 



37054. 

38096, C2. 



37055. 



37056. 



37057. 



37058. 



37059. 



37060. 



37061. 



37062, VOL 2. 



37063. 



37064. 



37065. 



37066. 



37067. 



37068. 



37070. 



37073. 



37072. 



37071. 



37069. 



37078. 



37079. 



37077. 



37076. 



37075. 



37074. 



37080. 



37082. 



37091. 



37090. 



37083. 



37084. 



37094. 



37081. 



37088. 



37092. 



37093. 

37732, C2. 



37089. 



37087. 



37086. 



37085. 



37095, PART-1. 

37096, C2. 



37097, PART-2. 

37098, C2. 



37099, PART-3. 

37100, C2. 



37102. 



37101. 



37103. 



37104. 



37105. 



22284. 



22285. 

22286, C2. 



22287. 



22288. 



22289. 



22290. 



22291. 



22292. 



22293. 



22294. 



22295. 



22296. 



22297. 



01581. 



22298. 



22299. 



22300. 



22301. 



22302. 



22303. 



22304. 



22317. 



22318. 



22319. 



22320. 



22321. 



22323. 



22305. 

22306, C2. 



22307. 



22322. 



22308. 



22309. 



01416. 



22310. 



22311. 



22312. 



22313. 



22314. 



22315. 



22316. 



37107. 



23435. 

23436, C2. 

23437, C3. 

23438, C4. 

23444, C5. 

23445, C6. 

23446, C7. 

23447, C8. 



23439. 

23440, C2. 

23441, C3. 

23442, C4. 

23443, C5. 



23448. 

23449, C2. 

23455, C3. 

23456, C4. 

23457, C5. 



23450. 



23452. 

23453, C2. 

23454, C3. 



23451. 

21705, C2. 



23458. 



23459. 



23460. 



23461. 

23462, C2. 

23463, C3. 

23464, C4. 

23465, C5. 

23466, C6. 



23467. 



23468. 



23469. 

23470, C2. 



23471. 

23472, C2. 

23473, C3. 



23474. 

23475, C2. 



23476. 

23477, C2. 



23478. 

23479, C2. 



23480. 



23481. 



23482. 



23483. 



23484. 



23485. 



23486. 

23487, C2. 

23488, C3. 

23489, C4. 

23490, C5. 

23491, C6. 

23493, C7. 

23497, C8. 

23498, C9. 

23500, C10. 

23501, C11. 

23502, C12. 

23504, C13. 

23505, C14. 

23506, C15. 

23507, C16. 

23508, C17. 

23509, C18. 



23492. 

23499, C2. 



23494. 

23495, C2. 

23496, C3. 

23503, C4. 



23510. 



23511. 



23512. 



23513. 

23514, C2. 



23515. 



23516. 



23517. 



23518. 



23519. 



23520. 



23521. 



23522. 



23523. 



23524. 



23525. 



23526. 



23527. 



23528. 



23529. 



23530. 



23531. 



23532. 



23533. 



23541. 



23588. 



23534. 



23535. 



23536. 



23539. 



23537. 



23538. 



23540. 



23542. 



23543. 

23544, C2. 



23545. 



23546. 



23547. 

23548, C2. 



23549. 



23550. 



23553. 



23551. 



23552. 



23554. 



23555. 



23556. 



23557. 



23558. 



23559. 



23560. 



23561. 



23562. 



23563. 



23564. 



23565. 



23566. 



23567. 



23568. 



23569. 



23570. 



23571. 



23573. 

23572, C2. 

23586, C3. 



11801. 



23575. 



23576. 



23578. 



23579. 



23580. 



23581. 



23582. 



23583. 



23584. 



23585. 



06732. 



23587. 



23326, VOL 1. 



23327, VOL 2. 



23328, VOL 3. 



23329, VOL 4. 



23330, VOL 5. 



23331, VOL 6. 



23332, VOL 7. 



23577. 



23333. 



23334. 



23335. 



23336. 



23337. 



23338. 



23339. 



23340. 



23341. 



23342. 



23343. 



23344. 



23345. 



23346. 

23347, C2. 



23348. 



23349. 

23350, C2. 

23351, C3. 

23352, C4. 

23353, C5. 



23354. 



23355. 

23356, C2. 

23357, C3. 

23358, C4. 



23359. 

23360, C2. 

23361, C3. 



23362. 



23363. 



05318. 



23364. 



23365. 



23366. 



23367. 

23374, C2. 



23368. 



23369. 

23370, C2. 



23371. 



23372. 



23373. 



23375. 



23376. 



23377. 



23378. 



23379. 



23380. 



23381. 



23382, VOL 1. 



23383, VOL 2. 



23384, VOL 3. 



23385, VOL 4. 



23386, VOL 5. 



23387, VOL 6. 



23388, VOL 7. 



23389, VOL 8. 



23390, VOL 9. 



23391, VOL 10. 



23392, VOL 12. 



23393. 



23394. 



23395. 



23396. 

23397, C2. 



23398. 



23399. 

23400, C2. 



23401. 



23402. 



23403. 



23404. 



23405. 



23406. 



23408. 



23407. 



23409. 



23410. 



23411. 



06737. 



39859. 



23412. 



23413. 

23424, C2. 



23414. 



23415. 



23416. 



23417. 



23418. 



23419. 



23421. 



23420. 



23422. 



23423. 



09876. 



18344. 



23425. 



23426. 



01426. 



23427. 



23428. 



23429. 



23430. 



23431. 



23432. 



23433. 



23434. 



37111. 



37113. 



37114. 



37115. 

37259, C2. 



37117. 



37120. 



37122. 



37123. 



37121. 



37116. 



37118. 



37124. 



37119. 



36627. 



22841. 



22844, VOL 4. 



22846 , VOL 6. 



22845, VOL 5. 



22842, VOL 2. 



22843, VOL 3. 



22847, VOL 1. 



22848, VOL 2. 



22849, VOL-2. 



22850 



22852. 



22851. 



22853. 

22856, C2. 

22854, C3. 

22857, C4. 

22855, C5. 



22861. 

22860, C2. 

22859, C3. 

22858, C4. 



22862. 



22863. 

22875, C2. 



22864. 



22865. 



22867. 



22866. 



22868. 



22870. 



22869. 



22871. 



22999. 



22873. 



22874. 



22876. 



22877. 



22878. 



22884. 



22879. 



22880. 



01071. 

21231, C2. 



22882. 



22883. 



22885. 



22886. 



22887. 



22888. 



22889. 



22890. 



22891. 



22892. 



22893. 



22894. 



22895. 

22934, C2. 



22896. 



22897. 



22898. 



22899. 



22900. 

22905, C2. 



22901. 



22902. 

22930, C2. 

22933, C3. 



22903. 



22904. 



22906. 



22907. 



23000. 



22908. 



22909. 



22910. 



22911. 



22912. 



22913. 



22914. 



22915. 



22916. 



22918. 



22917. 



37127. 



37125. 



37126. 



22919, PART-1. 



22920. 



22921. 



22922. 



22923. 



22924. 



22925. 



22926. 



22927. 



22928. 



22929. 



22931. 



22932. 



22935. 



22936. 



22937. 



22938. 



22939. 



22940. 



22941. 



22942. 



22943. 



22944. 



22945. 



22946. 



22947. 



22948. 



22949. 



22950. 



22951. 



22952. 



22953. 



22954. 



22956. 



22955. 



22957. 



02590, VOL 2. 



22959, VOL 2. 



22960, VOL 3. 



22958, VOL 1 



22961, VOL 4. 



22962, VOL-5. 



22963, VOL-6. 



22964, VOL-7. 



30130. 



22965. 



22966. 



22967. 



22968. 



22969. 



01004. 



22970. 



22971. 



22972. 



22973. 



22974. 



22975. 



22976. 



22977. 



22978. 



22979. 



05336. 



22980, VOL 2. 



22981, VOL 3. 



22982, VOL 4. 



22983, VOL 5. 



22984, VOL 6. 



22985, VOL 7 



22986, VOL 8 



22987, VOL 9. 



22988, VOL 10 



22989, VOL 11. 



22990, VOL 12. 



22993. 



22991, VOL 1. 



22992. 



22994. 



22995. 

22996, C2. 



22997. 



22998. 



23016. 



23017. 

23018, C2. 



23019, PART-5. 



23020. 



23022. 



23024. 



23026. 



23025. 



23021. 



23023. 



23027. 



23028. 



23029. 



23030. 



23031. 



37134. 



37130. 



37132. 



37131. 



37128. 



37133. 



37135. 



37129. 



23001. 



23002. 



23003. 

23004, C2. 



23005. 



23006. 



23007. 



14615. 



23008. 



23009. 



23010. 



23011. 



23013. 



23012. 



23014. 



23015. 



23032. 



23033. 



23034. 



23035. 

23036, C2. 



23037, VOL-2. 

23038, VOL-2, C2. 



23039. 



23040. 



23041. 



23045. 



23042. 



23043. 



23044. 



23046. 



23047. 



23048. 



23049. 



23050. 



23051. 



23052. 

23059, C2. 



23053. 



23054. 



23055. 



23056. 



23057. 



23058. 



23060. 



23061. 



23062. 



23063. 



23064. 



23065. 



23066. 



23067. 



23068. 



23069. 



23070. 



23071. 



23072. 



23073. 



23074. 



23075. 



23076. 



23077. 



23078. 



23079. 



23080. 



23081, VOL 2. 



23085. 



23082. 



23083. 



23084. 



23086. 



23087. 



23088. 



23089. 



23090. 



23091. 



23092. 

23093, C2. 



23094. 



23095, VOL-1. 



23096, VOL-2. 



23097. 

23098, C2. 



23099. 



23100. 



23101. 



23102. 



06699. 



23103. 



23104. 



23105. 

23106, C2. 

23113, C3. 

23114, C4. 



23107. 



23108. 



23109. 

23110, C2. 

23111, C3. 

23112, C4. 



23115. 

23116, C2. 

23117, C3. 



23118. 

23119, C2. 



23120. 



23121. 



23122. 



23123. 



23124. 



23125. 



23126. 



23127. 



23128. 

23129, C2. 

23130, C3. 

23131, C4. 

23132, C5. 



23133. 



23134. 



23135. 

23136, C2. 



23137. 



23138. 



23139. 



23140, VOL-1. 

23141, C2. 



23142, VOL-2. 

23143, C2. 



23144, VOL 3. 

23145, C2. 



23146, VOL 4. 

23147, C2. 



23148. 

23149, C2. 

23150, C3. 



23151. 

23152, C2. 

23153, C3. 

23154, C4. 



23155. 

23156, C2. 

23157, C3. 



32166, VOL-1. 



32167, VOL 2. 



32168. 



23159. 



23158. 



01728. 



23160. 



23161. 

23162, C2. 

23163, C3. 



23164. 



23165. 



23166. 



23167. 



23168. 



23169. 



23171. 

23195, C2. 



23170. 



07599. 

23172, C2. 

23173, C3. 



23174. 

23175, C2. 



23176. 



23177. 

23178, C2. 



23179. 

23180, C2. 



23181. 



23182. 



23183. 



23184. 



23185. 

23186, C2. 



23187. 



23188. 



23189. 



23190. 



23191. 



23192. 



23193. 



23194. 



10183. 



30513. 



35034. 



23196. 



23247. 



23248. 

23249, C2. 



23250. 



23251. 



23252. 



23253. 



23254. 



23255. 

23206, C2. 



02410. 



23257. 



23266. 



23258. 



23259. 



23260. 



23261. 



23262. 



23263. 



23265. 



23264. 



23197. 



23198. 



23199. 



23200. 

23287, C2. 



23201. 



23202. 



23203. 

23218, C2. 

23219, C3. 



23204. 



23205. 



22230. 



23207. 



07570. 

23212, C2. 



23209. 



23210. 



23211. 



23213. 

23214, C2. 

23215, C3. 



23216. 



23217. 



23220. 



23221. 



23246. 



23222. 



23223. 



23224. 



23225. 



23227. 



23226. 



23228. 

23229, C2. 



23230. 



23231. 

23236, C2. 



23232. 

23234, C2. 



23233. 



23239. 



23235. 



23237. 



23238. 



23240. 



23241. 



23242. 



23243. 



23244. 



23245. 



23267. 



23268. 



23269. 



23270. 



23271. 



23272. 



23273. 



23274. 



23275. 



07589. 



23276. 



23277. 



03756. 



23278. 



23279. 



23280. 

23281, C2. 



23282. 

23283, C2. 



23284. 



23285. 



23286. 



02420. 



23288. 



23289. 



23290. 



23291. 



19658. 



23292. 



23294. 



23293. 



23295. 



32151. 



06265. 



07571. 



23296. 



23297. 



23298. 



23299. 



23300. 



23301. 



23302. 

23303, C2. 



23304. 



23305. 

23309, C2. 



23314. 



01423. 



06297. 



23315. 



23316. 



23317. 



23318. 



23319. 



23320. 



23321. 



23322. 



23323. 



23325. 

23324, C2. 



06254. 



23306. 

23307, C2. 

23308, C3. 

 



23310. 

23311, C2. 

23313, C3. 



23312. 



37136. 



37138. 



37137. 



37208. 



37139. 



37140. 



37141. 



37142. 

37496, C2. 



37143. 



37144. 

37501, C2. 



37145. 



37146. 



37147. 



37148. 



37149. 



37176. 



37174. 



37173. 



37177. 



37164. 



37165. 



37175. 



37172. 



37169. 



37170. 



37168. 



37167. 



37171. 



37166. 



37244. 



37242, VOL 1. 



37243, VOL 2. 



37241. 



37240. 



37245. 



37246. 



37248. 



37247. 



37260. 



37249. 



37256. 

37257, C2. 



37254. 



37251. 



37250. 



37268. 



37275. 



37284. 



37285. 



37267. 



37266. 



37263. 



37262. 



37261. 



37255. 

37258, C2. 



37265. 



37264. 

37682, C2. 



37153. 



37214. 



37152. 



37160. 



37162. 



37158. 



37159. 



37151. 



37150. 



37163. 



37157. 



37155. 



37156. 



37161. 



37154. 



37290. 



37286. 



37293. 



37289. 



37291. 



37292. 



37281. 



37294. 



37269. 



37181. 



37280. 



37279. 



37273. 



37274. 



37223. 



37270. 



37253. 



37252. 



37195. 



37204. 



37206. 



37222. 



37221. 



37212. 



37184. 



37178. 



37278. 



37203. 



37213. 



37187, VOL-1. 



37188, VOL-2. 



37189, VOL 3. 



37190, VOL 4. 



37191, VOL-5. 



37193, VOL 1. 



37194, VOL 2. 



37277. 



37180. 



37182. 



37192. 



37198. 



37197. 



37196. 



37276. 



37200. 



37207. 



37225. 



37216. 



37217. 



37185. 



37186. 



37272. 



37199. 



37218, VOL-4. 



37179. 



37211. 



37205. 



37209. 



37224. 



37210. 



37183. 



37220. 



37219. 



37202. 



37201. 



37226. 



37227. 



37228. 



37229. 



37230. 



37231. 



37232. 



37233. 



37234. 



37235. 



37236. 



37237. 



37238. 



37239. 



37215. 



37282. 



37389. 



37390. 



37391. 

37392, C2. 



15117. 



15115. 

15121, C2. 



15116. 



15118. 



15119. 



15120. 



05210. 



03355. 



03356. 



23589. 



23590. 



23591. 



23592. 



23593. 



23595. 



37423. 



37422. 



37420. 



37421. 



37419. 



37418. 



37417. 



37394. 



37393. 


