
37408. 



37409. 



37410, VOL-1. 



37411, VOL-2. 



37413. 



37412. 



37416. 



37415. 



37414. 



37395. 



37398. 



37399. 



37400. 



37401. 



37402. 



37407, PART-5, VOL 1. 



37403, PART-1. 



37404, PART-2. 



37406, PART-3. 



37405, PART 4. 



37397. 



37396. 



37431. 



37425. 



37430. 



37429. 



37428. 



37427. 



37432. 



37451. 



37450. 



37424. 



37434. 



37433. 



37435. 



37426. 



37437, VOL-1. 



37438, VOL-2. 



37439, VOL-3. 



37436. 



37449. 



37448. 



37445. 



37442. 



37443. 



37440. 



37441. 



37444. 



37446. 



37447. 



37469. 



37470. 



37471. 



37472. 



37473. 



37467. 



37468. 



37494. 



37492. 



37486. 



37487. 



37488. 



37485. 



37489. 



37493. 



37490. 



37491. 



37477. 



37476. 



37474. 



37475. 



37481. 



37483. 



37482. 



37480. 



37479. 



37478. 



37484. 



37499. 



37497. 



37498. 



37500. 



37502. 



37495. 



37504. 



37503. 



37505. 



37506. 



37509. 



37507. 



37508. 



37512. 



37511. 



37510. 



37513. 



37517. 



37518. 



37519. 



37520. 

38766, C2. 



37521. 



37522. 



37523. 



37524. 



37525. 



37526. 



37516. 



37515. 



37514. 



37530. 



37529. 



37528. 



37532. 



37531. 



37527. 



37533. 



37534. 



37535. 



37542. 



37540. 



37539. 



37541. 



37538. 



37545, VOL 1. 



37546, VOL 2. 



37543, VOL 1. 



37544, VOL 2. 



37550. 



37547. 



37551. 



37548. 

37549, C2. 



37560. 



37557. 



37555. 



37556. 



37553. 

37554, C2. 



37559. 



37552. 



37558. 



37604. 



37600. 



37605. 



37601. 



37596. 



37592. 



37589. 



37582. 



37597. 



37579. 



37602. 



37593. 



37595. 



37603. 



37584. 



37578. 



37586. 



37580. 



37568. 



37576. 



37577. 



37587. 



37581. 



37588. 



37572. 



37585. 



37567. 



37606. 



37594. 



37598. 



37590. 



37570. 



37573. 



37571. 



37583. 



37575. 



37591. 



37599. 



37569. 



37574. 



37668. 



37669. 



37670. 



37672. 



37671. 



37667. 



37633. 



37630. 



37643. 



37644. 



37647. 



37627. 



37628. 



37641. 



37561. 



37562. 



37565. 



37564. 



37563. 



37566. 



37537. 



37650. 



37624. 



37654. 



37652. 



37634. 



37621. 



37622. 



37611. 



37613. 



37614. 



37612. 



37623. 



37646. 



37651. 



37616. 



37617. 



37619. 



37618. 



37620. 



37625. 



37626. 



37638, VOL 1 



37639, VOL 2. 



37640, VOL 3. 



37649. 



37645. 



37632. 



37666. 



37635. 



37631. 



37610. 



37609. 



37608. 



37607. 



37636. 



37642. 



37653. 



37629. 



37637. 



37648. 



37615. 



37661. 



37662. 



37663. 



37664. 



37665. 



37673. 



37675. 



37674. 



37676. 



37677. 



37681. 



37680. 



37683. 



37691. 

37692, C2. 



37679, VOL 1. 



37689. 



37690. 



37678. 



37687. 



37684. 



37685. 



37686. 



37688. 



37693. 



37716. 



37717. 



37715. 



37718. 



37714. 



37696. 

37697, C2. 



37698. 



37699. 



37701. 



37700. 



37702. 



37704. 

37705, C2. 



37703. 



37706. 



37713. 



37712. 



37711. 



37710. 



37709. 



37708. 



37707. 



37720. 



37721. 



37722. 



37719. 



37731. 



37725. 



37727. 



37734. 



37733. 



37735. 



37736. 



37723. 



37726. 



37724. 



37730. 



37729. 



37728. 



37739. 

37793, C2. 



37740. 



37741. 



37794. 



37795. 



37799. 



37800. 



37798. 



37797. 



37796. 



37865. 



37882. 



37871. 



37872. 



37870. 



37868, VOL 1. 



37869, VOL 2. 



37867. 



37866. 



37864. 



37883. 



37881. 



37880. 



37879. 



37877. 



37875. 

38161, C2. 

 



37876. 



37878. 



37873, VOL 1. 



37874, VOL 3. 



37884. 



37885. 

37886, C2. 



37887. 



37889. 



37888. 



37898. 



37895. 



37896. 



37900. 



37892. 



37893. 



37894. 



37891. 



37897. 



37909. 

37912, C2. 



37911. 



37908. 



37907. 



37906. 



37905. 



37904. 



37903. 



37910. 



37902. 



37901. 



37915. 



37917. 



37918. 



37920. 



37916. 



37919. 



37927. 



37928, VOL 3. 



37929. 



37930. 



37926, VOL-41. 



37923, PART-1. 



37924, PART-2. 



37925. 



37922. 



37921. 



37952. 



37948. 



37938. 



37940. 



37942. 

37943, C2. 



37941. 



37949. 



37950. 



37946. 



37945. 



37933. 



37944. 



37935. 



37951. 



37936. 



37937. 



36000. 

37934. 



37976. 



37975. 



37961. 

37962, C2 



37974. 



37963. 



37964. 



37965. 



37966. 



37967. 



37968. 



37969. 



37970. 



37971. 



37972. 



37973. 



37978. 



37977. 



37979. 



37980. 



37981 



37982 



37983 



37984 



37985 



37986 



37987. 



37988 



37990. 



37991. 



37989. 



37992. 



38134. 



38133. 



38139. 



38141. 



38136. 



38138. 



38137. 



38135. 



38140. 



37995, VOL-1. 



37996, VOL-2. 



37994. 



37998. 



38000. 



38001. 



38002. 



38003. 



38004. 



37993. 



38005. 



38006. 



38007. 



38008. 



38009. 



38010. 



38011. 



38012. 



38013. 



38014. 



38015. 



38020. 



38028. 



38027. 



38026. 



38025. 



38023. 



38024. 



38019. 



38021. 



38016. 



38017, VOL-1. 



38018, VOL 2. 



38034. 



38033. 



38032. 



38031. 



38029. 



38037. 



38035. 



38036. 



38030. 



38046. 



38087. 



38038. 



38022. 



38041. 



38042. 



38043. 



38040. 



38045. 



38044. 



38039. 



37997. 



38088. 



38089. 



38090. 



38091. 



38092. 



38095. 



38093. 



38094. 



38113. 



38097. 



38098. 



38099. 



38100. 



38101. 



38102. 



38103. 



38104. 



38105. 



38107. 



38106. 



38108. 



38109. 



38110. 



38111. 



38112. 



38114. 



38115. 



38116. 



38117. 



38118. 



38119. 



38120. 



38121. 



38122. 



38123. 



38124. 



38125. 



38126. 



38127. 



38128. 



38129. 



38130. 



38131. 



38047. 



38048. 



38050. 



38051. 



38049. 



38052. 



38053. 



38060. 



38061. 



38059. 

38058, C2. 



38063. 



38064. 



38065. 



38143, VOL-40. 



38057. 



38055. 



38054. 



38056. 



38066. 



38067. 



38075. 



38069. 



38070. 



38071. 



38072. 



38073. 



38074. 



38081. 



38076. 



38077. 



38078. 



38079. 



38080. 



38068. 



38082. 



38083. 



38084. 



38085. 



38086. 



38132. 



38142. 



38159. 

38160, C2. 



38163. 



38166. 



38162. 



38164. 



38165. 



38156. 



38155. 



38158. 



38157. 



38154. 



38184. 



38177. 



38171. 



38168. 

38169, C2. 



38176. 



38170. 



38172. 



38175. 



38187. 



38181. 



38180. 



38183. 



38186. 



38167. 



38173. 



38174. 



38178. 



38185. 



38188. 



38182. 



38179. 



38189. 



38190. 



38191. 



38192. 



38194. 



38193. 



38195. 



38199. 



38198. 



38197. 



38196. 



38201. 



38200. 



38205. 



38206. 



38204. 



38207. 



38209. 



38208. 



38203. 



38202. 



38216, VOL 3 THREE. 



38215. 



38213. 



38214. 



38217. 



38218. 



38219. 



38062. 



07709. 



00587. 



21529. 



20692. 



20694. 



32180. 



20689. 



20665. 



20648. 



20655. 



20698. 



20660. 



20686. 



23907. 



20687. 

20688, C2. 



20721. 



00031 WITHDRAWN. 



20671. 



20662. 



38228. 

39906, C2. 



20697. 



20690. 



20667. 



20668. 



20669. 



20682. 



01769. 



20658. 



20657. 



20656. 



20666. 



20677. 



20685. 



20663. 



20696. 



20681. 



20683. 



20650. 

20651, C2. 

20652, C2. 



20654. 



20653. 



20649. 



23905. 



20749. 



20664. 



20679. 



20680. 



20684. 



20676. 



20678. 



20659. 



20670. 



20673. 



20675. 



38229. 



20674. 



20672. 



29950. 

21523, C2. 

21528, C3. 



00588. 

00589, C2. 



01043. 



21525. 



21524. 

21526, C2. 

21527, C3. 



22784. 



20857. 



22783. 



21530. 



20714. 



20759. 



20729. 



20730. 



20718. 



20708. 



20703. 



20716. 



20702. 



20717. 



20710. 



20706. 



20699. 



20707. 



20709. 



23906. 



20700. 

20712, C2. 



20731. 



05588. 



00584. 



20711. 



20713. 



01799. 



20715. 



20705. 



20723. 

20722, C2. 



20728. 



10223. 



20704. 



20760. 



20661. 



01765. 



20720. 



20724. 



18972. 



38231. 



19328. 

23893, C2. 

23894, C3. 

23895, C4. 

23896, C5. 



19329. 

23897, C2. 

23898, C3. 

23899, C4. 

23900, C5. 

23901, C6. 

23902, C7. 



19330. 

23891, C2. 

23892, C3. 



23903. 

23904, C2. 



23890. 



20691. 



21164. 



38226. 



38225. 



38224. 



38230. 



38227. 



38221. 



38222. 



38220. 



38223. 



38237. 

38238, C2. 



38253. 



38254. 

38255, C2. 



38251. 

38252, C2. 



38249. 

38250, C2. 



38242. 



38239. 



38234. 



38233. 



38235. 



38236. 



38241. 



38240. 



38246. 



38244. 



38247. 



38248. 



38243. 



38245. 



38232. 



38258. 



38257. 



38259. 



38260. 



38261. 

38262, C2. 



38264. 



38265. 



38266. 



38268. 



38267. 



31084. 



29597. 



29602. 



38269. 

38270, C2. 



38271. 



38272. 



29565. 



29567. 



29566. 



29568. 



29569. 



29570. 



29571. 



29572. 



29573. 



29574. 



29575. 



29576. 



29577. 



29578. 



29579. 



29580. 



29581. 



29582. 



29583. 



29587. 



38276. 



38277. 



38273. 



38274. 



38275. 



38278. 



38279. 



38280. 



38281, VOL 7. 

38292, C2. 



38312. 



38283. 



38291. 



38282. 



38298. 



38299. 



38293. 



38297. 



38296. 



38295. 



38294. 



38300. 



38290, VOL 42. 



38289. 



38288. 



38287. 



38286. 



38285. 



38284. 



38304. 



38301. 



38303. 



38302. 



38305. 



38306. 



38307. 



38308. 



38309. 



38310. 



38311. 



38339. 



38341. 



38342. 



38343. 



38344. 



38345. 



38346. 



38347. 



38348. 



38349. 



38350. 



38340. 



38351. 



38356. 

38359, C2. 



38357. 



38358. 



38355. 



38354. 



38352. 



38353. 



38362, VOL-2. 



38361, VOL-1. 



38360. 



38365. 



38363, VOL 1. 



38364, VOL-2. 



38367. 



38369. 



38373. 



38374. 



38389. 



38390. 



38391. 



38388. 



38386. 



38387. 



38385. 



38378. 



38379. 



38375. 



38393. 



38396. 



38394. 



38395. 



38397. 



38392. 



38445. 



38444. 



38446. 



38447. 



38448. 



38449. 



38439. 



38440. 



38441. 



38442. 



38443. 



38376. 



38377. 



38380. 



38381. 



38382. 



38383. 



38384. 



38505. 



38506. 



38507. 



38508. 



38429. 



38430. 



38433. 



38434. 



38435. 



38436. 



38432. 



38437. 



38438. 



38372. 



38398. 



38399. 



38400. 



38401. 



38402. 



38403. 



38404. 



38406. 



38407. 



38408. 



38409. 



38411. 



38412. 



38421. 



38420. 



38422. 



38423. 



38424. 



38425. 



38426. 



38427. 



38428. 



38405. 



38410. 



38413. 



38414. 



38415. 



38417. 



38416. 



38418. 



38419. 



38371. 



38370, VOL-1. 



38465. 



38466. 



38468. 



38469. 



38472. 



38471. 



38467. 



38470. 



38455. 



38454. 



38458. 



38463. 



38464. 



38457. 



38461. 



38462. 



38456. 



38459. 



38474. 



38473. 



38475. 



38476. 



38477. 

38478, C2. 



01149. 



18451. 



12435. 



01777. 



36004. 



17149. 



00812. 



03094. 



03096. 



04424. 



04427. 



09466. 



17017. 



17777. 



17784. 



17785. 



17788. 



17791. 



17794. 



17814. 



17816. 



17811. 



17817. 



17821. 



17826. 



17828. 



17829. 

17834, C2. 



17836. 



17840. 



17848, VOL 2. 



17849, VOL 1. 



17865. 



17871. 



30191. 



30014. 



17975. 



17893. 



17919. 



17910. 



17916. 



17931. 



17925. 



17939, VOL 1. 



17940, VOL 2. 



17913. 



38496. 



17818. 



17985. 



38497. 

38498, C2. 



38500. 



38501. 



38499, VOL 5 FIVE. 



38504. 

39832, C2. 



38502. 



38503. 



11548. 



11549. 



11551. 



11552. 



11554. 



11555. 



11557. 



11558. 



11560. 



11561. 



11563. 



11564. 



11566. 



38513. 



38511. 



38509, VOL 1. 



38510, VOL 2. 



38512. 



38516. 



38514. 



38515. 



38519. 



38517. 



38522. 



38518. 



38520. 



38521. 



38535. 



38452. 



38531. 



38453. 



38530. 



38529. 



38533. 



38534. 



38523. 



38524. 



38525. 



38526. 



38528. 



38527. 



38627. 



38539. 

38540, C2. 



38544. 



38543. 



38542. 



38545. 



38546. 



38547. 



38541. 



38548. 



20945. 



03129. 



20903. 



20929. 



21309. 



21111. 



38549. 



38560. 

38561, C2. 



38562. 



38563. 



38565. 



38564. 



38566. 



38550. 



38559. 



38558. 



38557. 



38552. 



38553. 



38551. 



38556, VOL 2. 



38555. 



38554. 



38568. 



38569. 



38567. 



38570. 



38571. 



38572. 



38573. 



38621. 



38625. 



38610. 



38609. 



38618. 



38607. 



38616. 



38606. 



38608. 



38622. 



38614. 



38617. 



38611. 



38615. 



38624. 



38613. 



38623. 



38612. 



38619. 



38620. 



38605. 



38604. 



38603. 



38596. 



38597. 



38598. 



38600. 



38599. 



38602. 



38594. 



38601. 



38595. 



38580. 



38586. 



38578. 



38574. 



38576. 



38575. 



38579. 



38577. 



38591. 



38592. 



38593. 



38581. 



38587. 



38585. 



38582, VOL 1. 



38583, VOL 2. 



38588. 



38584. 



38589. 



38590. 



20916, VOL 1,2. 



20917, VOL3,4. 



20918, VOL 5,6. 



20919, VOL 7,8 



20920, VOL 9,10. 



20921, VOL 11,12. 



20922, VOL 13,14. 



20923, VOL 15. 



21408. 



21409. 



21411. 



21318. 



21434 



21451. 



21323. 



21008. 



21235. 



21420. 



21424. 



21290, VOL 3. 



21319, VOL 1. 



21286. 



21425. 



21403. 



21394. 

2144O, C2. 

21438, C3. 

21439, C4. 



21353. 



21430. 



21416. 



21422. 



20883. 



21431. 



21413. 



21443. 



21448. 



21418. 

21405, C2. 



21412. 



20979. 



20984. 



20985. 



20868. 

20887, C2. 



21379. 



21357. 



21450. 



20951. 



20884. 



21426. 



21433. 



20865. 



21445. 



21387. 



21393. 



20989. 



20954. 



20891. 



21070. 



21280. 



20888. 



20894. 



20880. 



20889. 



21169. 



21288. 



21067. 



21034. 



21414. 



21447. 



21324. 



21407. 



21419. 

21342, C2. 



21400. 



20878. 



21396. 



21381. 

21347, C2. 



21374. 



21338. 



21343. 



21299. 



21291. 



21285. 



21294. 

20906, C2. 

20905, C3. 

20904, C4. 



21300. 



21122. 



07226. 



21307. 



20972. 



10992. 



20911. 



20939. 



20913. 



20915. 



20910. 



20914. 



21104. 



21089. 



21071. 



21095. 



21162. 

21161, C2. 

21165, C3. 

21166, C4. 



21098. 



21052. 



21088. 



16282. 



21100. 



16279. 



16278. 



16287. 



16296. 



16286. 



16280. 



16292. 



16289. 



21001. 



20992. 



20999. 

21354, C2. 



16283. 



20909. 



20991. 



21002. 



21000. 



21006. 



16288. 



01417. 



16285. 



16281. 



21036. 



21446. 



21194. 

21049, C2. 



21012. 



21321. 



21322. 



21204. 



21090. 



21066. 



21154. 



21046. 



21083. 



21077. 



21391. 



21389. 



21371. 



21370. 



21304. 



21200. 



21272. 



21258. 



21072. 



21063. 



21075. 



21076. 



30297. 



21267. 



21099. 



21091. 



21080. 



21078. 



21102. 



21092. 



21082. 



21085. 



21081. 



21097. 



03428. 



21050. 



21320. 



21004. 



20958. 



21086. 



20950. 



02409. 



21032. 



21064. 



20935. 



21061. 



21074. 



21047. 



21065. 

21048, C2. 



21181. 



21178. 



21401. 



21053. 



21073. 



21030. 



21033. 



21031. 



21027. 



21037. 



21044. 



21028. 



21062. 



21069. 



21022. 



21018. 



21024. 



21029. 



21035. 



21023. 



21103. 



21093. 



21145. 



30596. 



21159. 



21256. 



21375. 



21340. 



21051. 



21010. 



21026. 



21365. 



20971. 



20925. 



21055. 



21441. 

21442, C2. 



20960. 



21283. 



21362. 



21151. 



20928. 



20932. 



20926. 



21014. 



21190. 



21260. 



20955. 



21009. 



21059. 



21021. 



21192. 



01425. 



01076. 



21147. 



20938. 



21180. 



21163. 



21131. 



21313. 



21125. 



21136. 

21335, C2. 



21289. 



21282. 



21384. 



21363. 



21308. 



21133. 

21134, C2. 



21137. 



21126. 



21141. 



21129. 



21130. 



21109. 



21113. 



21118. 



21316. 



21148. 



21301. 



38631. 

38632, C2. 



01051. 



20946. 



03752. 



21121. 



21123. 



21119. 



38626. 



21060. 



21058. 



07551, VOL 1. 



07719, VOL 2. 



21224. 



21114. 



21127. 



21115. 



21116. 



21444. 



21117. 



21189. 



21398. 



21158. 

21171, C2. 



21149. 

21157, C2. 



21179. 



21160. 



21152. 



21167. 



21196. 



21156. 



21175. 



21214. 



21040. 



20982. 

20981, C2. 



20942. 



20998. 



21437. 



21315. 

21292, C2. 



21155. 



21382. 



21345. 



21350. 



21336. 



21341. 



21330. 



21359. 



21361. 



21325. 

21326, C2. 



21388. 



21015. 



20993. 



21366. 

21038, C2. 



21005. 



21003. 

21367, C2. 



20975. 



20944. 



20980. 



21007. 



21177. 



21132. 



21168. 

20976, C2. 



20953. 



21311. 



21041. 



21045. 



21174. 



20964. 



20969. 



20936. 



05195. 



21380. 



21284. 



21287. 



21293. 



21337. 



21386. 



21020. 



21421. 



21378. 



21332. 



21329. 



21266. 



21056. 



21057. 



17914. 



21273. 



21274. 



21328. 



21054. 



21334. 



21296. 



21188. 



21268. 



20966. 



21404. 



20967. 



20974. 



21142. 



20970. 



20962. 



21087. 



20968. 



20990. 



21016. 



20994. 



21348. 



21317. 



21295. 



21144. 



21043. 



20965. 



21423. 



21417. 



21390. 



21402. 



21392. 



21397. 



21355. 



20988. 



20961. 



21395. 



21406. 



21452. 



21432. 



21435. 



21428. 



21110. 



20931. 



21277. 



21303. 



20949. 



21094. 



21376. 



21270. 



21275. 



21436. 



21185. 



21281. 



21364. 



21269. 



21276. 



21191. 



21306. 



21262. 



21278. 



21150. 



20907. 



21107. 



21312. 



21195. 



21011. 



20956. 



20957. 



21314. 



20933. 



30177. 



21143. 



21182. 



21238. 



20973. 



20997. 



21279. 



21356. 



20934. 



21120. 



20940. 



20943. 



21019. 



21351. 



21339. 



20948. 



20902. 



07728. 



21333. 



20983. 



20959. 



20930. 



21263. 



21265. 



21264. 



20912. 



20927. 



21302. 



21298. 



21101. 



21112. 



20947. 



20941. 



21025. 



21079. 



21352. 



20978. 



38629. 



21369. 



21108. 



21221. 



21225. 



21222. 



21210. 



21248. 



21205. 



21198. 



21199. 



21084. 



21229. 



21429. 



01056. 



21261. 



21255. 



21257. 



01050. 



03734. 



21297. 



21310. 



20986. 



20987. 

20908, C2. 



21377. 



21249. 



21234. 



21068. 



01045. 



21176. 

21153, C2. 



01073. 



21096. 



21042. 



20952. 



21208. 



21227. 



21271. 



21236. 



21239. 



21172. 



21106. 



21139. 



21140. 



21173. 



21187. 



21105. 



21124. 



21135. 

21183, C2. 



21138. 



21213. 



21219. 



21220. 



21246. 



22075. 

21346, C2. 



21170. 



21186. 



21226. 

21209, C2. 



21017. 



21193. 



21203. 



21184. 



21223. 



21230. 



21233. 



06269. 



21232. 



21228. 



21201. 



21251. 



21259. 



21254. 



21410. 

21206, C2. 

21212, C3. 



21331. 



21128. 



21217. 



21197. 



21215. 



21241. 



21253. 



21242. 



21240. 



21202. 



21218. 



21216. 



02595. 



01054. 



21247. 



21449. 



21415. 

20977, C2. 



01055. 



21399. 



21368. 



21344. 

20995, C2. 



21327. 

21245, C2. 



01052. 



21237. 



01046. 



01047. 



20963. 



20996. 



21211. 



38672. 



38643. 



38673. 



38628. 



38630. 



38642. 



38638. 



38641. 



38636. 



38640. 



38637. 



38634. 



38639. 



38635. 



38644. 



38645. 



38646. 



38647. 



38648. 



38649. 



38653. 



38654. 



38655. 



38659. 



38664. 



38662. 



38663. 



38667. 



38665. 



38680. 



38657. 



38660. 



38666. 



38675. 



38677. 



38671. 



38674. 



38679. 



38658. 



38669. 



38668. 



38670. 



38656. 



38678. 



38676. 



38661. 



38650. 



38651. 



38652. 



38682, VOL 1. 



38681, VOL-2. 



38846. 



38684. 



38685. 



38686. 



38688. 



38687. 



38700. 



38692. 



38693. 



38696. 



38698. 

38699, C2. 



38691. 



38694. 



38695. 



38689, PART 1. 



38690. 



38706. 



38697. 



38703. 

38704, C2. 



38701. 



38702. 



21146. 



21244. 



21250. 



21252. 



21349.  



38765. 



38845. 



38841. 



38840. 



38842. 



38843. 



38844. 



38847. 



38833. 



38837. 



38838. 



38831. 



38829. 



38832. 



38836. 



38830. 



38835. 



38839. 



38825. 



38826. 



38827. 



38828. 



38834. 



38710. 

38768, C2. 



38714. 



38717. 



38720. 



38716. 



38715. 



38718. 



38719. 



38713. 



38712. 



38711. 



38709. 



38708. 



38707. 



38736. 



38727, VOL 1. 



38728, VOL 2. 



38726. 



38723. 



38722. 



38733. 



38731. 



38724. 



38730. 



38732. 



38725, VOL3. 



38721. 



38729. 



38734. 



38735. 



38741. 



38750. 



38737. 



38759. 



38743. 



38744. 



38760. 



38742. 



38749. 



38763. 



38748. 



38746. 



38738. 



38754. 



38747. 



38739. 



38753. 



38751. 



38756. 



38757. 



38758. 



38745. 



38791. 



38792. 



38793. 



38799. 



38801. 



38796. 



38775. 

39118, C2. 



38781. 



38816. 



38779. 



38767. 



38764. 



38761. 



38762. 



38740. 



38755. 



38805. 



38812. 



38795. 



38803. 



38794. 



38786. 



38771. 



38769. 



38778. 



38789. 



38774. 



38773. 



38770. 



38797. 



38802. 



38772. 



38788. 



38811. 



38798. 



38818. 



38800. 



38785. 



38819. 



38815. 



38810. 



38806. 



38809. 



38782. 



38807. 



38804. 



38814. 



38784. 



38776. 



38790. 



38780. 



38787. 



38777. 



38783. 



38821. 



38848. 



38820. 



38822, VOL5. 



38823, VOL 6. 



38824. 



38851. 



38850. 



38849. 



38852. 



38853. 



38887. 



38683. 



38906. 



38892. 



38900, PART ONE. 



38901, PART TWO. 



38896. 



38897. 



38893. 



38895. 



38904. 



38902. 



38889, C2. 



38888. 



38903. 



38905. 



38891. 



38894. 



38899. 



38898. 



38890. 



38912. 



38916. 



38907. 



38925. 



38920. 



38914. 



38922. 



38915. 



38913. 



38923. 



38908. 



38909. 



38910. 



38911. 



38917. 



38918. 



38919. 



38921. 



38924. 



38926, VOL ONE. 



38927, VOL TWO. 



38928, VOL THREE. 



38929, VOL FOUR. 



38978. 



38983. 



38979. 



38984. 



38981. 



38985. 



38987. 



38980. 



38986. 



38982. 



38808. 



38991. 



38992. 



38993. 

39106, C2. 



38994. 



38995. 



38996. 



38999. 



38997. 



38998. 



39000. 



38965. 



38963. 



38964. 



39014. 



39015. 



39026. 



39022. 



39019. 



39016. 



39017. 



39025. 



39020. 



39021. 



39023. 



39018. 



39024. 



38990. 



38989. 



38988. 



38974. 



38973. 



38972. 



38971. 



38975. 



38970. 



38967, VOL 1. 



38968, VOL TWO. 



38969, VOL THREE. 



38976, VOL ONE. 



38977, VOL TWO. 



38966. 



38939. 



38940. 



38941. 



38942. 



38943. 



38944. 



38945. 



38946. 



38947. 



38948. 

38949, C2. 



38950. 



38951. 



38952. 



38953. 



38954. 



38955. 



38956. 



38957. 



38958. 



38959. 



38960. 



38961. 



38962. 



39006. 



39004. 

39009, C2. 

39103, C3. 



39032. 



39033. 



39034. 



39002. 



39035. 



39036. 



39012. 



39003. 



39028. 



39005. 



39013. 



39008. 



39029. 



39031. 



39030. 



39010. 



39011. 



39007. 



39001. 



38930. 

38931, C2. 



38932. 



38933. 



38936. 



38935. 



38934. 



38938. 



38937. 



39038. 



39037. 



39039. 



39050. 



39040. 



39052. 



39051. 



39047. 



39045. 

39090, C2. 



39048. 



39049. 



39044. 



39042. 



39046. 



39043. 



39041. 



39055. 



39056. 



39059. 



39058. 



39053. 



39054. 



39057. 



39063, VOL 2. 



39062. 



39064. 



39061. 



39066. 



39060. 

39093, C2. 



39065. 



39067. 



39070. 



39068. 



39069. 



39071. 



39072. 



39073. 



39074. 



39075. 



39076. 



39077. 



39078. 

39089, C2. 



39027, VOL 2. 



39079. 



39081, PART-V,VOL 2. 



39086, BOOK 4. 



39082. 



39085. 



39084. 



39083. 



39087. 



39092. 



12459. 



39091. 



39088. 



38431. 



35891. 



38813. 



17682. 



39094, VOL 1. 



39095, VOL 2. 



39096, VOL 3. 



39097. 

39098, C2. 



39100. 



39104. 



39102. 



39105. 



39099. 



39101. 



39114. 



39115. 



39113. 



39107. 



39111. 



39110. 



39109. 



39108. 



21383. 



39119. 



39121. 



39122. 



39126. 



39120. 



39125. 



39129. 



39127. 



39128. 



39124. 



39123. 



39132. 



39131. 



39133. 



39130. 



39134. 



39135. 



39136. 



39137. 



39139. 



39138. 



39172. 



39182. 



39145. 



39153. 



39150. 



39168. 



39149. 



39143. 



39140. 



39141. 



39142. 



39144. 



39146. 



39147. 



39148. 



39151. 



39152. 



39154. 



39155. 



39156. 



39157. 



39158. 



39159. 



39160. 



39161. 



39162. 



39163. 



39164. 



39165. 



39166. 



39167. 



39169. 



39170. 



39171. 



39173. 



39174. 



39175. 



39176. 



39177. 



39178. 



39179. 



39181. 



39183. 



39180. 



39184. 



39185. 



39186. 



39187. 



39188. 



39189. 



39190. 



39191. 



39192. 



39193. 



39194. 



39195. 



39196. 



39197. 



39198. 



39199. 



39200. 



39201. 



39202. 



39203. 



39204. 



39205. 



39206. 



39207. 



39208. 



39209. 



39210. 



39211. 



39212, VOL 2. 



39213. 



39214. 



39215. 



39216. 



39217. 



39218. 



39219. 



39220. 



39221. 



39222. 



39238. 



39239. 



39240. 



39241. 



39242. 



39243. 



39244. 



39245. 



39246. 



39247. 



39248. 



39249. 



39250. 



39251, VOL 1. 



39252, VOL 2. 



39253. 



39254. 



39255. 



39256. 



39257. 



39258. 



39259. 



39260. 



39261. 



39262. 



39263. 



39264. 



39265. 



39267. 



39270. 



39271. 



39272. 



39273. 



39274. 



39277. 



39266. 



39268. 



39269. 



39275. 



39276. 



39502. 



39496. 

39497, C2. 



39498. 

39499, C2. 



39500. 



39495. 



39501. 



39503. 



39504. 



39505. 



39506. 

39507, C2. 



39493. 



39492. 



39509. 



39508. 



39512. 



39510. 



39511. 



39514. 

39515, C2. 



39513. 



39517, VOL 2. 



39516. 



08774. 



08814. 



08780. 



08822. 



08776. 



08801. 



08812. 

08824, C2. 



08811. 



08810. 



08800. 



08760. 



08749. 



08758. 



08750. 



08792. 



08794. 



08788. 



08772. 



08820. 

08803, C2. 



08759. 



08773. 



08782. 



08789. 



08817. 



08813. 



08815. 



08805. 



08787. 



08756. 



08781. 



08799. 



08795. 



08783. 



08751. 



08754. 



08762. 



08771. 



07495. 



08807. 



08806. 



08809. 



08804. 



08786. 



08797. 



08791. 



08802. 



08785. 



07505. 



01682. 



04439. 



08745. 



08746. 



08747. 



08778. 



08755. 



08768. 



08818. 



08769. 



08752. 



06434. 



08816. 



08757. 



01689. 



09068. 



08835. 



08841. 



08855. 



08766. 



08823. 



08821. 

08832, C2. 



07847. 



08764. 



39306. 



39305. 



02463. 



04430. 



04432. 



04433. 



04437. 



04431. 



07507. 



08753. 



08763. 

08793, C2. 



08761. 



08779. 



07960. 



08563. 



08770. 



08833. 



08831. 



08827. 



08844. 



08853. 



08860. 



08861. 



08857. 



08854. 



08856. 



08834. 



08836. 



08864. 



08865. 



08845. 



08850. 



08846. 



08825. 



08828. 



08859. 



08826. 



08867. 



08858. 



08849. 



08830. 



08866. 

08843, C2. 



08863. 



08862. 



08842. 



08837. 



08839. 



21548. 



21549. 



21546. 



21547. 



22727. 



29881. 



22465. 



30466. 



30462. 



08851. 



31331. 



08852. 



02058. 



08838. 



08840. 



22466. 



22506. 



30701. 



31645. 



32479. 



33050. 



33876. 



33885. 



33891. 



33925. 



34422. 



36662. 



37317. 



37318. 



37316. 



35694. 



35721. 



37660. 



37659. 



07836. 



07865. 

07956, C2. 



07972. 



07503. 



08616. 



07953. 



07981. 



07839. 

07996, C2. 



08008. 



07897. 



07831. 



07851. 



08387. 



03394. 



08537. 



29984. 



08435. 



08456. 

08525, C2. 



08360. 



07874. 



07840. 



07974. 



07946. 



08594. 



08649. 



08394. 



08472. 



08388. 

08399, C2. 



02448. 



08487. 



08678. 



08640. 



08566. 



34457. 



08391. 



29983. 



07903. 



08524. 



09106. 



08601. 



34463. 



08611. 



08708. 



08700. 



08492. 



07945. 



07951. 



31931. 



03316. 



03309. 



06453. 



06454. 



03317. 



03315. 



03314. 



03311. 



03312. 



03310. 



07491. 



09103. 

08026, C2. 



08012. 



08015. 



08029. 



08032. 



08021. 



08023. 



08025. 



08019. 



08036. 



08097. 



08014. 



08055. 



08017. 



08016. 



08057. 



08051. 



08024. 



08018. 



04442. 



29882. 



22469. 



21569. 



22706. 



30411. 



30408. 



30474. 



30472. 



30409. 



30475. 



30470. 



08102. 



30710. 



30984. 



30986. 



30990. 



30987. 



30991. 



30992. 



31643. 



31936. 

31937, C2. 



31927. 

31928, C2. 



31930. 



32122. 



32116. 



34436. 



34470. 



08648. 



08634. 



08660. 



04434. 



03701. 



03308. 



07695. 



07500. 



08022. 



03313. 



08549. 



08767. 



22731. 



07980. 



20532. 



07977. 



08040. 



07828. 



07888. 



07501. 

04440, C2. 



07869. 



08030. 



07991. 



33047. 



33604. 



33068. 



33079. 



33881. 



33896. 



33906. 



33923. 



33926. 



34474. 



34476. 



37357. 



03702. 



08203. 



08343. 



08407. 



08637. 



08572. 



22708. 



35364. 



35394. 



35382. 



35696. 



35712. 



00582. 



36078. 



36322. 



36647. 



36661. 



36670. 



35401. 



36061. 



36324. 



36675. 



37325. 



37366. 



37385. 



37387. 



37807. 



37808. 



39421. 



39394. 



39393. 



39360. 



37367. 



37836. 



39366. 



39367. 



21207. 



01841. 



02441. 



03466. 



03481. 



20937. 



03482. 



06452. 



07483. 



07859. 



08872. 



08873. 



08874. 



08875. 



08876. 



08892. 



06178. 



08877. 



08896. 



08897. 



08895. 



08878. 



08893. 



08894. 



08898. 



08899. 



08879. 



08880. 



08881. 



08882. 



08883. 



08884. 



08885. 



08886. 



08887. 



08889. 



08890. 



08891. 



08900. 



08907. 



08908. 



08909. 



08901. 



08904. 



08888. 



22729. 



31636. 



31941. 



31942. 



33886. 



33927. 



34432. 



35385. 



35391. 



37327. 



22703. 



29874. 



39336. 



37329. 



32113. 



36671. 



37849. 



37848. 



31329. 



31326. 



30487. 



37331. 



37328. 



39339. 



39338. 



39337. 



39335. 



39535. 



39534. 



39532. 



39533. 



39531. 



39528. 



39529. 



39530. 



08410. 



37819. 



22705. 



08748. 



36073. 



33062. 



37657. 



33085. 



37810. 



37811. 



08923. 



07941. 



08926. 



37820. 



01817. 



01685. 



08606. 



08652. 



39536. 



08175. 



08910. 



08922. 



09054. 



37821. 



37812. 



35722. 



37860. 



01647. 



02462. 



06441. 



07482. 



07485. 



08924. 



08928. 



08929. 



08930. 



08948. 



08966. 



08927. 



08931. 



08932. 



08933. 



08934. 



08935. 



08936. 



08644. 



08911. 



08912. 



08913. 



08914. 



08917. 



08918. 



08919. 



08920. 



08925. 



08937. 



08970. 



21557. 

21558, C2. 

21559, C3. 



22712. 



29890. 



30712. 



31325. 



31635. 



34454. 



35383. 



35711. 



33917. 



33913. 



32126. 



32117. 



36082. 



39351. 



39383. 



34425. 



33115. 



39465. 



39374, PART 2. 



39385. 



39487. 



39397. 



39341. 



39348. 



39350. 



39373. 



39378. 



39313. 



39349. 



39372. 



39375. 



39379. 



39382. 



39486. 



39485. 



39519. 



39520. 



39521. 



39522. 



39523. 



39524. 



39525. 



39526. 



39527. 



01654. 



01803. 



07496. 



08573. 



08975. 



08969. 



08972. 



08973. 



08978. 



08976. 



08974. 



08971. 



09044. 



09045. 



09052. 



09049. 



09058. 



09051. 



09053. 



09055. 



09066. 



09056. 



09057. 



09059. 



09064. 



09065. 



09043. 



09060. 



09061. 



09062. 



09063. 



22710. 



21571. 



21572. 



21570. 



21573. 

21574, C2. 



22718. 



29887. 



30469. 



30494. 



30703. 



32110. 



32139. 



33048. 



33059. 



33919. 



33871. 



35716. 



36323. 



37374. 



08011. 



06443. 



08957. 



31191. 



36664. 



39380. 



39381. 



39457. 



37862. 



39479. 



39464. 



39439. 



37376. 



35715. 



37377. 



37375. 



37373. 



34473. 



36645. 



37863. 



37861. 



37824. 



37371. 



37372. 



36081. 



35366. 



34434. 



34479. 



31929. 



15904. 



09046. 



08010. 



08906. 



07902. 



08902. 



08903. 



08107. 



08042. 



02465. 



08654. 



08967. 



08965. 



08916, VOL 2. 



08915, VOL 1. 



07997. 



07967. 



03488. 



08136. 



10258. 



03480. 



09047. 



09050. 



21534. 



22716. 



32625. 



34451. 



35397. 



33054. 



34469. 



37324. 



37826. 



37386. 



37825. 



37330. 



22719. 



22717. 



29883. 



33920. 



32128. 



34468. 



34466. 



34455. 



34452. 



35384. 



35725. 



35403. 



36650. 



36668. 



37656. 



37827. 



37368. 



37832. 



37828. 



39318. 



39384. 



39391. 



01659. 



01646. 



03411. 



03412. 



03409. 



03405. 



03393. 



03404. 



03410. 



03413. 



03414. 



03416. 



04441. 



09000. 



09001. 



09002. 



09003. 



09005. 



09004. 



09006. 



09007. 



09008. 



09009. 



09010. 



09011. 



09012. 



09013. 



09014. 



09015. 



09016. 



09018. 



09019. 



09020. 



09021. 



09022. 


