
09023. 



09024. 



09025. 



09026. 



09027. 



09028. 



08993. 



08996. 



08997. 



08999. 



08994. 



09037. 

09039, C2. 

03407, C3. 



08050. 



10205. 



10207. 

10210, C2. 



10208. 



10209. 



10212. 



10214. 



10215. 



10216. 



10217. 



10218. 



01677. 



01846. 



03406. 

09096, C2. 



03467. 



03476. 



01650. 



01651. 



02451. 



03415. 



03472. 



08605. 



06435. 



07486. 



07856. 



08597. 



07471. 



09029. 



09030. 



09031. 



09032. 



09033. 



09034. 



09035. 



09036. 



09038. 



27674. 



15901. 



09040. 



09067. 



09069. 



09070. 



09071. 



09072. 



09073. 



09074. 



09075. 



09076. 

09079, C2. 

09082, C3. 



09077. 



09078. 



09080. 



09083. 



09084. 



09085. 



09086. 



09087. 



09081. 



09088. 



09089. 

09090, C2. 



09091. 



09092. 



09093. 



09094. 



09095. 



09097. 



09098. 



09099. 



09100. 



09102. 



39572. 



39547. 

39585, C2. 



39548. 



39563. 



39543. 

39583, C2. 



39554. 



39550. 

39584, C2. 



39544. 

39582, C2. 



39555. 



39546. 



39551. 

39580, C2. 



39553. 



39561. 



39567. 



39566. 



39565. 



39560. 



39568. 



39570. 



39557. 



39556. 



39569. 

39579, C2. 



39549. 



39558. 



39552. 



39559. 



39545. 



39542. 



39571. 



39562. 

39578, C2. 



39564. 

39581, C2. 



39576. 



39577. 



39574. 

39575, C2. 



39573. 



08035. 



29912. 



39612. 



29586. 



39588. 



39589. 



39590. 



39601. 



39591. 



39596. 



39593. 



39592. 



39597, VOL 1. 



39598, VOL 2. 



39599, VOL 3. 



39602. 



39603. 



39609. 



39606. 



39605. 



39607. 



39604. 



39608. 



39610. 



39611. 



39614. 



39586. 



39616. 



39615. 



39613. 



39617. 

39618, C2. 



39619. 

39620, C2. 



39632. 



39633. 



39626. 



39625. 



39628, P2. 



39631. 



39623. 



39630. 



39629. 



39622. 



39624. 



39627. 



39621. 



39649. 



39651. 



39652. 



39636. 



39644. 



39638. 



39637. 



39647. 



39635. 



39642. 



39634. 



39641. 



39643. 



39648. 



39650. 



39645. 



39639, V9. 



39640. 



39646. 



39653. 

39654, C2. 



39655. 



05596. 



39669. 



39676. 



39678. 



39685. 



39697. 



39690. 



39682. 

39683, C2. 

39684, C3. 



39677. 



39668. 



39673. 



39694. 



39695. 



39687. 



39656. 



39686. 



39661. 



39670. 



39674. 



39688. 



39666. 



39692. 



39675. 



39664. 



39657. 



39662. 



39663. 



39672. 



39691. 



39689. 



39659. 



39658. 



39660. 



39667. 



39693. 



39696. 



39698. 



39665. 



39679. 

39680, C2. 

39681, C3. 



39671. 



39699. 



39700. 



39701. 



39716. 



39717. 



39708. 



39709. 



39702. 



39710. 



39704. 



39703. 



39715. 



39711. 



39713. 



39718. 



39712. 



39705. 



39706. 



39707. 



39714. 



39728. 



39726. 



39719. 



39732. 



39731. 



39721. 



39720. 



39725. 



39729. 



39727. 



39730. 



39722. 



39723. 



39724. 



39733. 

39734, C2. 



39735. 

39736, C2. 



39737. 

39738, C2, V3. 



39739. 

39740, C2. 



39741. 

39742, C2. 



39743. 

39744, C2. 



39748, V1. 



39745. 

39746, C2, V2. 



39751. 



39750. 



39747. 



39749. 



39752. 

39753, C2. 



39764. 



39762. 



39761. 



39754. 



39758. 



39755. 



39759. 



39760. 



39756. 



39757. 



39765. 



39782. 



39783. 



39778. 



39779. 



39767. 



39763. 



39794. 

39811, C2. 



39770. 



39795. 



39796. 



39797. 



39798. 



39799. 



39780. 



39781. 



39768. 



39787. 



39788. 

39810, C2. 



39766. 



39785. 



39769. 



39775. 

39776, C2. 



39774. 

39773, C2. 



39771. 

39772, C2. 



39784. 



39789. 



39790. 



39791. 



39792. 



39793. 



39777. 



39786. 



39800. 



39801. 



39808. 



39803. 



39805. 



39804. 



39806. 



39807. 



39802. 



39809. 



39814. 



39812. 



39813. 



39816. 



39815. 



39817. 



39818. 



39820. 



39819. 



39821. 



39822. 



39823. 



39824. 



39857. 



39858. 



39841. 



39840. 



39836. 



39833. 



39834. 



39826. 



39830. 



39825. 



39839. 



39829. 



39838. 



39828. 



39827. 



39831. 



39835. 



39837, V 7. 



39860. 



39862. 



39861. 



39863. 



39864. 



39865. 



39866. 



37999. 



39867. 



39868. 



39869. 



39870. 



39871. 



39872. 



39873. 



21013. 



03419. 



03506. 



17083. 



21427. 



21385. 



20719. 



20701. 



30446. 



17996. 



17977. 



39875. 



39874. 



39876. 



39888. 



39877. 



39878. 



39879. 



39880. 



39881. 



39882. 



39883. 



39884. 



39885. 



39886. 



39887. 



39889. 



39891. 



39890. 



39898. 



39910, VOL 1. 



39909, VOL 2. 



39900, VOL 1. 



39899. 



39901. 



39911. 



39892. 



39913. 



39902. 



39904. 



39907. 



39905. 



39897. 



39896. 



39895. 



39894. 



39903. 



39893. 



39914. 



39908. 



39916. 



39915. 



39925. 

39926, C2. 



39923. 

39924, C2. 



39919, PART 1. 



39920, PART 2 



39921. 

39922, C2. 



39917. 

39918, C2. 



39927. 



39928. 



39930. 



39929. 



39931. 



39932. 



39933. 

39934, C2. 



39944. 



39945. 



39946. 



39947. 



39939. 



39941. 



39943. 



39938. 



39940. 



39942. 



39957. 



39948, VOL 1. 



39949, VOL 2. 



39950, VOL 3. 



39951, VOL 4. 



39952, VOL-5. 



39953, VOL 6. 



39956. 



39954, VOL 2. 



39955. 



39963. 



39962. 



39961. 



39964, VOL 2 



39966, VOL 2. 



39967, VOL 1. 



39960. 



39965. 



39971. 



39970. 



39969. 



39972. 



39968. 



39958. 



39959. 



29884. 



21540. 

21541, C2. 



21550. 



21551. 



21552. 



22468. 



22472. 



22707. 



30407. 



30692. 



30695. 



30709. 



30989. 



31319. 



31629. 



31630. 



31644. 



31655. 



31647. 



32118. 



32127. 



32130. 



32134. 



32138. 



32401, VOL 1. 



32402, VOL 2. 



32403, VOL 3. 



32404, VOL 4. 



32405, VOL 5. 



39973. 



39974. 



39975. 



39976. 



39977. 



39978. 



39979. 



39980. 



39981. 



39982. 



39985. 



39983. 



39986. 



39984. 



39991. 



39992. 



39993. 



39994. 



39995. 



39996. 



39997. 



39998. 



39999. 



40000. 



40001. 



40002. 



40003. 



40004. 



39988. 



39989. 

39990, C1. 



39987. 



40005. 



40006. 



40007. 



40008. 



40009. 



40010. 



40011. 



40014. 



40012. 



40013. 



40016. 



40015. 



40017. 



40018. 



40019. 



40020. 



40021. 



40022. 



40023. 



40024. 



40025. 



40026. 



39935. 



39937. 

39936, C2. 



40027. 



40028. 



40029. 



40030. 



40031. 



40038. 



40039. 



40040. 



40041. 



40042. 



40043. 



40044. 



40045. 



40046. 



40047. 



40048. 



40036. 



40049. 



40050. 



40051. 



40052. 



40053. 



40054. 



40055. 



40056. 



40057. 



40058. 



40059. 



40060. 



40061. 



40062. 



40063. 



40064. 



40065. 



40066. 



40067. 



40068. 



40069. 



40070. 



40071. 



40072. 



40073. 



40074. 



40075. 



40076. 



40077. 



40035. 



40083. 



40080. 



40078. 



40079. 



40082. 



40081. 



40084. 



40085. 

40086, C2. 



40087. 



40088. 



40089. 



40090. 



40091. 



40092. 



40093. 



40094. 



40095. 



40096. 



40097. 



40098. 



40099. 



40100. 



40101. 



40102. 



40103. 



40104. 



40105. 



40106. 



35723. 



40107. 

40108, C2. 



40109. 



40112. 



40110. 



40111. 



00838. 



40113. 



40115. 



40114. 



40116. 



01348. 



09449, V2. 



09450, V3. 



09451, V4. 



40117. 



40118, VOL 1 



40119, VOL 2 TWO 



40120, VOL 3 



40121, VOL 4 



40122. 



40123. 



40124. 



35359. 



35360. 



35361. 



35363. 



35365. 



35367. 



35377. 



36065. 



36066. 



36646. 



36677. 



36669. 



36648. 



37310. 



37311. 



37312. 



37313. 



37314. 



37315. 



37829. 



37830. 



37831. 



10213. 



08540. 



09048, PART 1. 



08979, PART 2. 



07478. 



33065. 



07830. 



07864. 



09017. 



39312. 



34472. 



08209. 



08422. 



39285. 



39283. 



39282. 



39281. 



39280. 



39279. 



40428. 

40429, C2. 



40430. 

40431, C2. 



08206. 



08185. 



39307. 



39288. 



39430. 



39431. 



39432. 



39433. 



39434. 



39437. 



39438. 



39440. 



39476. 



39441. 



39436. 



07497. 



01829. 



40125. 



40126. 



01833. 



01836. 



01830. 



01834. 



01832. 



01831. 



01838. 



01837. 



08176. 



01827. 



08169. 



07957. 



37354. 



33058. 

39413, C2. 



39412. 



33078. 



39308. 



39310. 



08958. 



08943. 



08945. 



08944. 



08954. 



08961. 



08947. 



08946. 



08955. 



08960. 



08956. 



01843. 



02461. 



08952. 



08951. 



08950. 



08949. 



08938. 



08941. 



08940. 



08939. 



08959. 



08953. 



22709. 



22723. 



07498. 



22699. 



29891. 



31656. 



32109. 



32124. 



33870. 



33873. 



33893. 



33907. 



33910. 



34467. 



34465. 



34459. 



34442. 



35388. 



35387. 



08963. 

09041, C2. 

09042, C3. 



08048. 



37326. 



08998. 



33084. 



06446. 



21544. 



07835. 



08181. 



39480. 



39481. 



39482. 



39428. 



39427. 



39426. 



39425. 



39422. 



39314. 



39316. 



39315. 



39424. 



39423. 



39364. 



08349. 



34731. 



30947. 



30948. 



30949. 



02695. 



17972. 



17988. 



17929. 



40127. 



40128, VOL 1. 



40134. 



40133. 



40132. 



40137. 



40130. 



40156. 



40129. 



40131. 



40147. 



40149. 



40145. 



40152. 



40153. 



40151. 



40154. 



40155. 



40150. 



40142. 



40143. 



40148. 



40146. 



08137. 



08138. 



08139. 



08140. 



08141. 



08142. 



08143. 



08144. 



08145. 



08146. 



08147. 



08148. 



08149. 



08150. 



08151. 



08152. 



08153. 



08154. 



31315. 



08111. 



03473. 



29986. 



08129. 



08130. 



08135. 



08106. 



08109. 



08110. 



10255. 



10254. 



22724. 



21594. 



21593. 



08105. 



37379. 



29885. 



08113. 



37380. 



30690. 



08104. 



37838. 



31189. 



37837. 



08114. 



37378. 



34475. 



04429. 



30706. 



08112. 



10252. 



08108. 



39356. 



39371. 



39537. 



39491. 



07833. 



31640. 



09130. 



10256. 



10253. 



10257. 



39357. 



39538. 



08968. 



08103. 



08045. 



01305. 



08043. 



37369. 



08099. 



03307. 

03306, C2. 



31935. 



08034. 



08044. 



31933. 



31926. 



31932. 



31925. 



36674. 



31650. 



31940. 

31938, C2. 

31939, C3. 



08053. 



08046. 



15903. 



34453. 



33066. 



07984. 



09115. 



08037. 



34458. 



09127. 



08038. 



22702. 



37370. 



09128. 



08041. 



08977. 



33603. 



08047. 



22473. 



08054. 



08632. 



16041. 



07832. 



07845. 



06440. 



07885. 



01840. 



08039. 



22720. 



09125. 



33049. 



09108. 



03396. 



03395. 



31934. 



09119. 



08020. 



09110. 



09133. 



08100. 



09111. 



07938. 



09109. 



09117. 



09132. 



08027. 



09113. 



09105. 



09114. 



09116. 



03697. 



09131. 



09107. 



08331. 



08052. 



09129. 



07476. 



08028. 



09104. 



08002. 



09121. 



08098. 



37859. 



37858. 



02444. 



08033. 



33606. 



33900. 



33605. 



34478. 



36321. 



37655. 



09120. 



09124. 



09118. 



03689. 



08056. 



05636. 



39469. 



39471. 



39470. 



37823. 



09112. 



37857. 



09123. 



33607. 



08049. 



08990. 



08989. 



08988. 



08984. 



08987. 



08991. 



08992. 



08982. 



08980. 



08981. 



08986. 



08983. 



08921. 



08985. 



08964. 



30011. 



30012. 



31626. 



35389. 



08905. 



37814. 



37816. 



37817. 



37818. 



37815. 



21561. 



33922. 



35390. 



33076. 



32406. 



39475. 



39376. 



39377. 



39540. 



39541. 



01676. 



02447. 



07891. 



07904. 



07873. 



07905. 



07908. 



07870. 



07918. 



07907. 



07966. 



07906. 



07987. 



07992. 



07933. 



07901. 



07935. 



07931. 



07924. 



07921. 



07955. 



07968. 



07925. 



07923. 



07929. 



07952. 



08289. 



07880. 



07879. 



07912. 



07927. 



08000. 



07985. 



07913. 



07930. 



07990. 



31641. 



33888. 



36666. 



34433. 



01658. 



03471. 



03485. 



06456. 



07843. 



07867. 



07894. 



07989. 



07944. 



07928. 



07971. 



22722. 



29870. 



30696. 



32136. 



39300. 



39302. 



39386. 



39399. 



39450. 



39466. 



39467. 



39468. 



07932. 



37384. 



01670. 



07822. 



07823. 



07494. 



07848. 



07850. 



07826. 



08096. 



07993. 



07994. 



07995. 



21543. 



30400. 



30401. 



30402. 



30403. 



31659. 



31652. 



36060. 



33878. 



39289. 



39298. 



39319. 



39404. 



39409. 



39401. 



39402. 



39435. 



39455. 



39458. 



39461. 



39284. 



39286. 



39287. 



39311. 



22482. 



37308. 



37840. 



07940. 



08188. 



08179. 



08405. 



39419. 



08090. 



08094. 



08060. 



08061. 



08058. 



08084. 



08077. 



08078. 



08059. 



08071. 



08083. 



08088. 



08068. 



07954. 



08064. 



08066. 



08079. 



08082. 



08062. 



08067. 



08085. 



08086. 



08075. 



08076. 



08065. 



08074. 



08063. 



08073. 



08070. 



08080. 



08095. 



08087. 



08069. 



08091. 



08092. 



08081. 



08089. 



08072. 



20497. 



15902. 



22462. 



34481. 



39462. 



39463. 



39223. 



39224. 



39225. 



39226. 



39227. 



39228. 



39229. 



39230. 



39231. 



39232. 



39233. 



08504. 



39236. 



39237. 



39278. 



01673. 



02446. 



09429. 



09430. 



07936. 



07889. 



07958. 



07934. 



07917. 



07909. 



08003. 



07916. 



07488. 



07852. 



07962. 



07915. 



07893. 



07884. 



07871. 



08004. 



07976. 



07988. 



07920. 



21545. 



21539. 



21537. 



21535. 



21538. 



29877. 



31311. 



31324. 



31627. 



31924. 



30479. 



33060. 



35386. 



07978. 



39320. 



39472. 



37822. 



37839. 



08430. 



39410. 



01848. 



03463. 



06448. 



07919. 



07849. 



07898. 



07899. 



07949. 



07922. 



07914. 



07939. 



21533. 



30471. 



39303. 



39400. 



37834. 



37833. 



33046. 



33869. 



40160. 



40157. 



40159. 



40158. 



40161. 



40162. 



40163. 



40164. 



08005. 



07868. 



07866. 



07875. 



07910. 



03469. 



07975. 



07965. 



07876. 



07961. 



07858. 



07911. 



07863. 



07817. 



07824. 



07900. 



08009. 



08013. 



07943. 



02456. 



21577. 



21536. 



21587. 



22486. 

22711, C2. 



31186. 



32129. 



33901. 



34477. 



35392. 



37383. 



39299. 



39301. 



39387. 



39398. 



37295. 



01653. 



36659. 



08664. 



01648. 



08093. 



06458. 



07490. 



08995. 



07838. 



07926. 



07883. 



07886. 



09101. 



21576. 



34471. 



34482. 



35705. 



36079. 



37382. 



39304. 



39309. 



07855. 



07872. 



07860. 



07890. 



07892. 



08847. 



08848. 



21583. 



03474. 



35709. 



01657. 



03468. 



03479. 



07854. 



07963. 



07829. 



22713. 



30473. 



33056. 



33116. 



35402. 



37804. 



39353. 



39359. 



39368. 



39478. 



39407. 



39484. 



39323. 



39329. 



36080. 



08499. 



07964. 



39388. 



39405. 



08403. 



08381. 



07834. 



07827. 



07825. 



07821. 



07973. 



07820. 



07844. 



07857. 



07861. 



07837. 



07842. 



07896. 



07877. 



07887. 



02455. 



07948. 



07475. 



07942. 



07969. 



07937. 



07487. 



07999. 



08007. 



08006. 



09126. 



29889. 



31180. 



31181. 



31183. 



31190. 



31182. 



31185. 



31187. 



31188. 



31197. 



31184. 



30486. 



37381. 



39403. 



39321. 



39322. 



39483. 



35356. 



08482. 



08498. 



08511. 



21563. 



22475. 



30697. 



30704. 



36063. 



37304. 



37835. 



02450. 



02452. 



06444. 



07846. 



07862. 



07998. 



08117. 



08167. 



08174. 



08177. 



08178. 



08190. 



08191. 



08192. 



08389. 



31639. 



32125. 



35358. 



37108. 



37109. 



37110. 



37112. 



37352. 



37353. 



37358. 



37365. 



37355. 



39358. 



39396. 



35717. 



40166. 



40167. 



40165. 



01649. 



02442. 



02458. 



03464. 



03486. 



06450. 



08156. 



08201. 



08371. 



08385. 



08397. 



08402. 



08404. 



08406. 



08416. 



08418. 



08420. 



08438. 



08426. 

08437, C2. 

08449, C3. 



08448. 



08457. 



08458. 



08463. 



08471. 



08473. 



08489. 



08491. 



08439. 

08539, C2. 



08516. 



08527. 



08528. 



08529. 



08531. 



08533. 



08541. 



08542. 



08530. 



15896. 



15899. 



20536. 



21566. 



22477. 



22480. 



22697. 



30510. 



34419. 



34439. 



33061. 



33063. 



33898. 



01806. 



01807. 



01808. 



01813. 



01814. 



01815. 



01826. 



02054. 



02431. 



02440. 



06449. 



08115. 



08171. 



08127. 



08180. 



08214. 



08215. 



08293. 



08295. 



22474. 



32111. 



33892. 



36676. 



37271. 



39352. 



39406. 



39415. 



39417. 



08162. 



08163. 



08164. 



08165. 



40426. 

40427, C2. 



31631. 



30708. 



37356. 



07959. 



04026. 



07970. 



32119. 



34427. 



35406. 



08133. 



08118. 



38479. 



38480. 



38483. 



38484. 



38485. 



38486. 



38489. 



38491. 



38492. 



38493. 



38494. 



38490. 



38495. 



38482. 



38481. 



38487. 



38488. 



08275. 



08271. 



08270. 



08272. 



08269. 



08276. 



08277. 



08278. 



08279. 



08280. 



08281. 



08282. 



09717. 



08512. 



03483. 



08211. 



08160. 



01083. 



08334. 



02460. 



08159. 



08333. 



34463. 



08166. 



01811. 



01828. 



08193. 



08182. 



31328. 



37856. 



35368. 



08119. 



01810. 



03459. 



01686. 



35399. 



35405. 



08186. 



10211. 



10206. 



08291. 



08298. 



08283. 



39420. 



39369. 



39460. 



39418. 



39416. 



39392. 



06442. 



37361. 



38460. 



01812. 



01809. 



08183. 



36653. 



37364. 



30711. 



37854. 



37852. 



21580. 



37362. 



36654. 



37363. 



36064. 



37360. 



37813. 



21579. 



36655. 



35407. 



34424. 



34480. 



31638. 



35404. 



07492. 



03401. 



08187. 



03392. 



03397. 



03398. 



33053. 



08294. 



08131. 



08155. 



08212. 



03399. 



33882. 



39411. 



39408. 



03400. 



08210. 



03478. 



03391. 



34448. 



08424. 



08124. 



02459. 



08205. 



34460. 



02050. 



02053. 



29985. 



22478. 



39365. 



35400. 



37359. 



08296. 



01847. 



08120. 



22798. 



08290. 



08297. 



08266. 



08158. 



08202. 



01849. 



08189. 



02439. 



08196. 

08199, C2. 

08197, C3. 

08198, C4. 

08194, C5. 

08200, C6. 



08285. 

08286, C2. 

08288, C3. 

08287, C4. 



39414. 



08172. 



08122. 



31196. 



01802. 



08170. 



08168. 



08173. 



07493. 



08267. 



08268. 



39389. 



39362. 



39361. 



31657. 



35755. 



35153. 

35152, C2. 



04438. 



31192. 



08157. 



08208. 



08299. 



02449. 



08116. 



09615. 



08121. 



33895. 



01801. 



33916. 



08161. 



07895. 



31628. 



34447. 



29871. 



08126. 



02433. 



27672. 

09621, C2. 



09495. 



01800. 



03470. 



03699. 



07723. 



08123. 



08128. 



08125. 



08132. 



08134. 



08207. 



08213. 



08216. 



08273. 



08284. 



09616. 



29876. 



30713. 



31648. 



31637. 



31632. 



34429. 



34444. 



35353. 



36660. 



37851. 



37853. 



37855. 



39354. 



39363. 



39370. 



01447. 



24121. 



24122. 



24123. 



24124. 



40434. 

40435, C2. 



24126. 



24127. 



24128. 



24129. 



24130. 



24131. 



24132. 



24133. 



24134. 



24135. 



24136. 



24137. 



24138. 



24139. 



24140. 



24141. 



24142. 



24143. 



24144. 



24145. 



24146. 



24147. 



24148. 



24149. 



24150. 



24151. 



24152. 



24153. 



24154. 



24155. 



24156. 



24157. 



24158. 



24159. 



24160. 



24161. 



24162. 



24163. 



24164. 



24165. 



24166. 



24167. 



24168. 



24169. 



24170. 



24171. 



24172. 



24173. 



24174. 



24175. 



24176. 



24177. 



24178. 



24179. 



24180. 



24181. 



24182. 



24183. 



24184. 



24185. 



24186. 



24187. 



24188. 



24189. 



24190. 



24191. 



29193. 



24194. 



24195. 



24196. 



24197. 



24198. 



24199. 



24200. 



24201. 



24202. 



24203. 



24204. 



24205. 



24206. 



24207. 



24208. 



24209. 



24210. 



24211. 



24212. 



24213. 



24214. 



02445. 



07150. 



08204. 



08871. 



08292. 



27639. 



27640. 



27641. 



27642. 



27643. 



27644. 



27647. 



27648. 



27646. 



27645. 



40168. 



40169. 



40170. 



40171. 



40175. 



40177. 



40176. 



40172. 



40174. 



40178. 



40173. 



40180. 



40179. 



39474. 



39473. 



39395. 



39448. 



39447. 



39445. 



39446. 



39442. 



39443. 



39459. 



39334. 



39342. 



39333. 



39343. 



39355. 



39340. 



39330. 



39331. 



39332. 



39346. 



39347. 



39344. 



39345. 



39444. 



39456. 



39454. 



39452. 



39451. 



39449. 



39234. 



08645. 



21555. 



01692. 



08627. 



08707. 



33909. 



39235. 



04443. 



08676. 



08609. 



08558. 



01696. 



09921. 



08744. 



37802. 



37803. 



37806. 



39324. 



39453. 



35362. 



35379. 



35381. 



35395. 



35396. 



35398. 



36058. 



36059. 



36062. 



36068. 



36069. 



36070. 



36075. 



08324. 



07841. 



08555. 



08829. 



08743. 



08784. 



30483. 



08942. 



36649. 



36656. 



36657. 



36663. 



36665. 



36667. 



37332. 



37333. 



37334. 



37335. 



37336. 



37337. 



37338. 



37339. 



37340. 



37341. 



37344. 



37345. 



37346. 



37347. 



37348. 



37349. 



37350. 



37388. 



37658. 



35699. 



35691. 



35704. 



35701. 



35707. 



35708. 



35695. 



35713. 



35706. 



08636. 



35719. 



37351. 



08607. 



08578. 



08574. 



08583. 



08580. 



08586. 



08581. 



08590. 



08571. 



08624. 



08589. 



08600. 



08599. 



08598. 



08623. 



08613. 



08617. 



08620. 



08622. 



08608. 



08592. 



08375. 



08684. 



08550. 



08697. 



08588. 



08619. 



01679. 



08868. 



08576. 



08546. 



08698. 



07878. 



01668. 



01681. 



07881. 



15890. 



08638. 



03700. 



29867. 



29873. 



08650. 



29872. 



08667. 



08670. 



08716. 



08579. 



08718. 



08688. 



08728. 



29879. 



29868. 



08585. 



08610. 



08368. 



08582. 



01845. 



08367. 



08715. 



08692. 



08702. 



08703. 



08775. 



08733. 



08694. 



08691. 



08740. 



01839. 



08655. 



08723. 



08669. 



08734. 



07986. 



08713. 



08739. 



08693. 



08798. 



08729. 



01678. 



01680. 



08730. 



08735. 



08741. 



08738. 



08618. 



08695. 



08651. 



08696. 



08625. 



03461. 



08709. 



08725. 



08742. 



08699. 



15891. 



06447. 



29863. 



08562. 



08724. 



29878. 



22483. 



08727. 



08714. 



08736. 



08351. 



06527. 



06526. 



07479. 



08372. 



03477. 



08552. 



08712. 



08559. 



08569. 



08568. 



08556. 



08567. 



08548. 



08557. 



08551. 



06437. 



08564. 



08560. 



03703. 



08604. 



08710. 



08614. 



03462. 



08603. 



01656. 



08587. 



08612. 



08593. 



08577. 



08570. 



01688. 



08591. 



08602. 



08596. 



08711. 



08721. 



21578. 



21607. 



21554. 



21588. 



21604. 



22505. 



08720. 



08777. 



21584. 



07472. 



40363. 



21586. 



21599. 



22507. 



22698. 



22726. 



21567. 



08575. 



08584. 



40436. 



21590. 



21608. 



21560. 



21597. 



22694. 



21589. 



01683. 



08675. 



08666. 



08630. 



08673. 



08635. 



08595. 



08686. 



03487. 



08641. 



08662. 



08657. 



08653. 



08869. 



06455. 



08663. 



08554. 



08685. 



08661. 



08646. 



08680. 



08689. 



01842. 



08629. 



08687. 



08642. 



08672. 



08674. 



08717. 



08704. 



08690. 



08737. 



08706. 



08633. 



08671. 



08659. 



01655. 



08683. 



08677. 



08679. 



08681. 



08668. 



01652. 



08665. 



08658. 



08790. 



27673. 



07499. 



07853. 



22721. 



21568. 



03465. 



01672. 



21565. 



01690. 



08643. 



21609. 



08705. 



08628. 



08615. 



29888. 



21553. 



29869. 



22715. 



08870. 



08682. 



03695. 



08647. 



08726. 



08656. 



04436. 



08553. 



30404. 



30491. 



30492. 



30490. 



30464. 



30468. 



30489. 



30484. 



30488. 



30691. 



30699. 



30988. 



31307. 



31309. 



31310. 



31312. 



31317. 



31321. 



31322. 



31330. 



31333. 



31334. 



31633. 



31634. 



31642. 



31646. 



31651. 



32121. 



32123. 



32131. 



32133. 



32137. 



32481. 



33073. 



33081. 



33082. 



33083. 



33072. 



33075. 



33074. 



33086. 



33088. 



33877. 



33887. 



33890. 



33897. 



33908. 



34423. 



34437. 



34461. 



34441. 



34456. 



33045. 



01804. 



08731. 



08719. 



08722. 



08732. 



07983. 



08701. 



02464. 



03489. 



06445. 



06451. 



06459. 



07481. 



07982. 



15897. 



22714. 



29862. 



29865. 



08382. 



08398. 



08409. 



08468. 



08415. 



08467. 



08444. 



08453. 



08412. 



08477. 



08423. 



08470. 



08411. 



08488. 



08417. 



08433. 



08460. 



08442. 



08466. 



08480. 



08459. 



08476. 



08401. 



08465. 



08474. 



08455. 

08446, C2. 



08494. 

08445, C2. 



08490. 



08450. 



08421. 



08434. 



08521. 



08505. 



08535. 



08534. 



08538. 



08536. 



08513. 



08500. 



08506. 



08526. 



08503. 



08507. 



30399. 



30413. 



30476. 



30485. 



31314. 



31323. 



31306. 



31195. 



31654. 



31327. 



31332. 



33051. 



33090. 



33077. 



33089. 



33071. 



33064. 



33057. 



32112. 



32114. 



32141. 



32115. 



33889. 



33914. 



33912. 



33905. 



34420. 



34462. 



34440. 



34449. 



34426. 



35355. 



22476. 



40190. 



40195. 



40192. 



40183. 



40182. 



40194. 



40197. 



40188. 



40198. 



40196. 



40181. 



40186. 



40184. 



40191. 



40201. 



40202. 



40199. 



40200. 



40193. 



40187. 



40189. 



40185. 



40204. 



40208. 



40203. 



40221. 



40213. 



40239. 



40237. 



40205. 



40215. 



40226. 



40227. 



40228. 



40214. 



40222. 



40210. 



40211. 



40223. 



40224. 



40207. 



40209. 



40216. 



40225. 



40229. 



40217. 



40212. 



40206. 



40220. 



40219. 



40218. 



40245. 



40241. 



40242. 



40240. 



40235. 



40231. 



40232. 



40233. 



40234. 



40230. 



40252. 



40260. 



40257. 



40246. 



40238. 



40247. 



40243. 



40236. 



40248. 



40258. 



40259. 



40249. 

40365, C2. 



40253. 



40254. 



40250. 



40251. 



40244. 



40256. 



40255. 



40282. 



40266. 



40267. 



40275. 



40261. 



40284. 



40280. 



 



40283. 



40271. 



40265. 



40278. 



40272. 



40268. 



40269. 



40263. 



40273. 



40274. 



40279. 



40277. 



40281. 



40276. 



40270. 



40264. 



40299. 



40295. 



40293. 



40296. 



40297. 



40294. 



40298. 



40262. 



40285. 



40288. 



40292. 



40286. 



40291. 



40290. 



40289. 



40287. 



40301. 



40302. 



40303. 



08413. 



08441. 



08390. 



08427. 



08532. 



21564. 



22700. 



33911. 



33069. 



34421. 



35698. 



35357. 



35728. 



36673. 



36072. 



36076. 



36071. 



36077. 



36084. 



37847. 



37296. 



37844. 



37843. 



37309. 



37841. 



37301. 



37302. 



37845. 



39325. 



08502. 



15894. 



08483. 



08486. 



03696. 



07473. 



08451. 



08462. 



08384. 



08395. 



08508. 



08393. 



08479. 



33915. 



08396. 



01669. 



01805. 



01850. 



03698. 



07477. 



07489. 



07509. 



08001. 



08408. 



08464. 



08481. 



40437. 



21585. 



32120. 



34438. 



35692. 



35693. 



36651. 



36652. 



36672. 



37299. 



37842. 



37305. 



39327. 



39390. 



39488. 



02454. 



04435. 



08031. 



08440. 



08469. 



08497. 



31305. 



30707. 



34431. 



35697. 



37298. 



37306. 



39326. 



06432. 



07508. 



07818. 



08484. 



08419. 



08414. 



08386. 



08509. 



08485. 



08392. 



08522. 



08400. 



08501. 



08517. 



08475. 



08454. 



08514. 



08443. 



08447. 



08543. 



07950. 



07979. 



08431. 



07484. 



08429. 



08495. 



08428. 



08383. 



08493. 



22467. 



22484. 



29886. 



08452. 



08523. 



08639. 



08436. 



08518. 



08510. 



08519. 



08520. 



08461. 



21556. 



21562. 



29880. 



33879. 



33884. 



33883. 



33924. 



34450. 



34483. 



35354. 



36074. 



37307. 



08478. 



37846. 



37303. 



37300. 



37297. 



39328. 



02453. 



07882. 



08496. 



03475. 



08425. 



07474. 



08432. 



02457. 



39317. 



40300. 



40320, VOL 1. 



40321, VOL 2. 



40322. 



40313. 



40309. 



40314, PART 1. 



40311, PART 2. 



40310. 



40306. 



40305. 



40304. 



40307. 



40308. 



40312. 



40324. 



40325. 



40319. 



40316, VOL 1. 



40317, VOL 2. 



40318. 



40315. 



40323. 



08312. 



08332. 



06433. 



08325. 



06439. 



01819. 



01825. 



07470. 



08301. 



01822. 



01691. 



08335. 



01797. 



01798. 



01795. 



01823. 



01820. 



01796. 



08316. 



08304. 



08329. 



08320. 



08319. 



01818. 



01824. 



01793. 



01794. 



08366. 



15892. 



08326. 



08309. 



08328. 



08195. 



08313. 



08321. 



08327. 



08315. 



08322. 



08235. 



06438. 



08310. 



08306. 



06436. 



08311. 



01671. 



06457. 



08317. 



03460. 



01821. 



08307. 



08303. 



08318. 



08323. 



08247. 



08336. 



08234. 



08226. 



08258. 



08231. 



08257. 



08237. 



08246. 



08225. 



08308. 



06431. 



08260. 



08302. 



08251. 



08249. 



08250. 



08341. 



08224. 



08265. 



08255. 



08263. 



08262. 



08242. 



15893. 



08264. 



08238. 



08228. 



08223. 



08350. 



08364. 



08248. 



08243. 



08254. 



08261. 



08230. 



08241. 



08240. 



08217. 



08220. 



08253. 



08227. 



08259. 



08236. 



08239. 



08244. 



08245. 



08252. 



08314. 



08373. 



08379. 



08765. 



08256. 



01675. 



02430. 



07506. 



08353. 



08380. 



08796. 



08378. 



08346. 



08374. 



08339. 



08342. 



08363. 



08338. 



08340. 



08345. 



08222. 



07504. 



08337. 



01687. 



08344. 



08361. 



08354. 



08356. 



08370. 



08359. 



08631. 



08369. 



08376. 



08355. 



08365. 



08330. 



08348. 



08358. 



08347. 



01684. 



08357. 



08362. 



08377. 



15895. 



21575. 



21601. 



21591. 



21592. 



21581. 

21582, C2. 



21600. 



21603. 



21598. 



21602. 



08229. 



08819. 



30465. 



30467. 



30477. 



30478. 



30480. 



30481. 



30482. 



30493. 



30693. 



30700. 



30983. 



30985. 



30994. 



30995. 



30996. 



31193. 



31194. 



31313. 



31316. 



31649. 



31653. 



32132. 



32135. 



32140. 



32142. 



21605. 



21606. 



21542. 



21595. 

21596, C2. 



22470. 



22459. 



22463. 



22461. 



22460. 



22485. 



22464. 



22481. 



22479. 



17761. 



22695. 



22701. 



22725. 



22704. 



22728. 



22696. 



22730. 



29866. 



29864. 



29875. 



30405. 



30406. 



30410. 



30412. 



30463. 



33052. 



33055. 



33070. 



33080. 



30694. 



33875. 



33899. 



33903. 



35700. 



35702. 



35703. 



35727. 



35724. 



35714. 



35370. 



35371. 



35372. 



35373. 



35374. 



35375. 



35376. 



35380. 



35393. 



35378. 



36083. 



36067. 



36644. 



36658. 



37319. 



37320. 



37321. 



37322. 



37323. 



33602. 



08621. 



08232. 



08233. 



08626. 



08218. 



08544. 



07502. 



07947. 



08561. 



39477. 



39296. 



39292. 



39293. 



37809. 



37805. 



37801. 



35726. 



35720. 



35718. 



39295. 



39294. 



39291. 



39429. 



39489. 



39490. 



39539. 



39290. 



39297. 



40326. 



40327. 



40328. 



40329. 



40330. 



40331. 



40332. 



40333. 



40334. 



40335. 



40336. 



40337. 



40338. 



40339. 



40340. 



40341. 



40350. 



40346. 



40347. 



40344. 



40345. 



40349. 



24259. 



24269. 



24277. 



24299. 



24300. 



24312. 



24313. 



24320. 



24324. 



24340. 



24349. 



24358. 



24365. 



24368. 



24369. 



24370. 



24374. 



24376. 



24379. 



24384. 



24387. 



24390. 



24391. 



24396. 



24399. 



24400. 



24404. 



24405. 



24406. 



24411. 



24430. 



24431. 



24436. 



24442. 



24446. 



24449. 



24336. 



29982. 



37737. 

37738, C2. 



40440. 



38705. 



24462. 



24450. 



24268. 



24314. 



24347. 



24371. 



24427. 



24444. 



24445. 



24460. 



24461. 



24464. 



24475. 



24466. 



24298. 



24470. 



24471. 



24472. 



24477. 



38886. 



22799. 

22800, C2. 



24467. 



24468. 



24315. 



24429. 



24339. 



24342. 



24341. 



24343. 



24355. 



24344. 



24357. 



24360. 



24364. 



24367. 



24375. 



24377. 



24378. 



24381. 

24434, C2. 



24382. 



24386. 



24392. 



24318. 



24401. 



24402. 



24408. 



24412. 



24413. 



24415. 

24416, C2. 

24417, C3. 

24418, C4. 

24419, C5. 

24420, C6. 

24421, C7. 

24423, C8. 

24424, C9. 

24425, C10. 

24422, C11. 

24426, C12. 

24465, C13. 



24432. 



24428. 



24433. 



24443. 



24447. 



24448. 



24452. 



24458. 



24469. 



24473. 



38879. 



38880. 



38881. 



38882. 



38883. 



38874. 



38875. 



02490. 



36125. 



02501. 



07375. 



24351. 



22801. 



07386. 



34381. 



32056. 



38884. 



24389. 



24338. 



24335. 



24223. 



24334. 



24229. 



02499. 



24326. 



24350. 



24362. 



24380. 



24383. 



24385. 



24393. 



24395. 



24397. 



24403. 



24410. 



24435. 



24438. 



24441. 



24451. 



24463. 



24478. 



38876. 



07373. 



24307. 



07393. 



07371. 



24302. 



24319. 



09819. 



24322. 



24455. 



15878. 



24345. 



40141. 



40439. 



24321. 



38878. 



30439. 



24215. 



24219. 



24220. 



24221. 



24222. 



24224. 



24228. 



24308. 



24327. 



24328. 



24329. 



24330. 



24332. 



24333. 



24372. 



24388. 



24331. 



24407. 



24439. 



24456. 



07389. 



07372. 



02500. 



37957. 



31903. 



32055. 

32053, C2. 



07679. 



24285. 



24306. 



24309. 



24316. 



24325. 



24353. 



24354. 



24356. 



24373. 



24440. 



24453. 



24476. 



24226. 



24225. 



24217. 



24317. 



24394. 



24218. 



02498. 



24474. 



22794. 



24270. 



24273. 



24301. 



24348. 



24361. 



24363. 



32054. 



37959. 



37960. 



38144. 



38885. 



38877. 



07733. 



24267. 



24271. 



24272. 



24274. 



24275. 



24276. 



24278. 



24279. 



24280. 



24281. 



24282. 



24283. 



24284. 



24286. 



24287. 



24288. 



24289. 



24290. 



24291. 



24292. 



24293. 



24294. 



24295. 



24296. 



24359. 



34326. 



24230. 



24216. 



24303. 



24304. 



24305. 



24337. 



24346. 



24414. 



24454. 



24459. 



38854 , PART 1. 



38855, VOL 2. 



38856, VOL 3. 



38857, VOL 4. 



38858, VOL 5. 



38150, PART 1. 

38151. 



38152, PART 2. 

38153. 



24227. 



24231. 



24233. 



24234. 



24235. 



24236. 



24237. 



24238. 



24239. 



24240. 



24241. 



24242. 



24243. 



24244. 



24245. 



24246. 



24247. 



24248. 



24249. 



24250. 



24251. 



24252. 



24253. 



24254. 



24255. 



24256. 



24257. 



24258. 



24260. 



24261. 



24262. 



24263. 



24264. 



24265. 



24266. 



07655. 

07656, C2. 



24310. 

24366, C2. 



24232. 



24323. 



24311. 



38859, PART 1. 



38860, PART 1. 



38861, PART 2. 



38862, PART 3. 



38863, PART 3,VOL 2 



38864, PART 4. 



38865, PART 5 



38866. 



38867, PART 7. 



38868, PART 8. 



38869, PART 9. 



38870, PART 10 



38871, PART 10. 



38872, PART 11. 



38873, PART 12. 



24457. 



07382. 



24297. 



30437. 

30438, C2. 



37461. 

37462, C2. 



24100. 



24101. 



24102. 



24103. 



24104. 



24105. 



24106. 



24107. 



24108. 



24109. 



24110. 



24111. 



24112. 



24113. 



24114. 



05544. 



05543. 



05551. 



24115. 



24116. 



01773. 



27634. 



27635. 



27636. 



22833. 



22834. 



22835. 



30505. 



32748. 



38536. 



38537. 



29939. 



29947. 



23921. 



23922. 



23923. 



23930, PART 4. 



23935, PART 8. 



23928, PART 3. 



23932, PART 5. 



23924, PART 1. 

23925, C2. 



23933, PART 6. 



23926, PART 2. 

23927, C2. 



23931, PART 4. 



23934, PART 7. 



23936, PART 9. 



23937, PART 10. 



23929, PART 3. 



23938. 



23939. 



23940. 



23941. 



23942. 



23943. 



23944. 



29330. 



23947. 



23948. 



23949. 



23950. 



23951. 



23952. 



23953. 



23954. 



23955. 



23945. 



23956. 



23964. 



23957. 



23958. 



23959. 



23960. 



23961. 



09676. 



23963. 



02348. 



23965. 



23966. 



23967. 



23968. 



23969. 



23970. 



23971. 



02199. 



02565. 



23972. 



01774. 



02564. 



23973. 



23974. 



23975. 



23976. 



23977. 



23978. 



23979. 



23980. 



23981. 



23982. 



24119. 



23983. 



23984. 



23985. 



23986. 



23987. 



23988. 



23989. 



01084. 



23990. 



23991. 



23992. 



23993. 



23994. 



23995. 



23996. 



23997. 



24120. 



23998. 



23999. 



24000. 



24001. 



24002. 



24003. 



24004. 



24005. 



24006. 



24007. 



40357. 



40358. 



40353. 



40355. 



40356. 



40354. 



40351. 

40352, C2. 



24008. 



24009. 



24010. 



24011. 



24012. 



24013. 



24014. 



24015. 



24016. 



24017. 



24018. 



24019. 



24020. 



24021. 



24022. 



24023. 



24035. 



24024. 



24025. 



24026. 



24027. 



24028. 



24118. 



24029. 



24030. 



24031. 



24032. 



24033. 



24034. 



24036. 



24037. 



24038. 



24039. 



24040. 



05549. 



24041. 



24042. 



24043. 



24044. 



24045. 



24046. 



24047. 

24050, C2. 



24048. 



24049. 



24051. 



24052. 



24053. 



24054. 



24055. 



24056. 



24057. 



24058. 



24059. 



24060. 



24061. 



24062. 



24063. 



24064. 



24065. 



24066. 



24067. 



24068. 



24069. 



01085. 



24070. 



24071. 



24072. 



24073. 



24074. 



24075. 



24076. 



24077. 



24078. 



24079. 



24080. 



24081. 



24117. 



24082. 



24083. 



24084. 



24085. 



24086. 



24087. 



24088. 



24089. 



24090. 



24091. 



24092. 



24093. 



24094. 



24095. 



24096. 



24097. 



24098. 



24099. 



40360. 



40361. 



40362. 



40359. 



40364. 



40378. 



40391. 



40383. 



40382. 



40384. 



40377. 



40376. 



40373. 



40374. 



40375. 



40379. 



40380. 



40381. 



40385. 



40386. 



40387. 



40388. 



40389. 



40390. 



40392. 



40393. 



40394. 



40395. 



40396. 



40410. 



40404. 



40405. 



40408. 



40409. 



40406. 

40407, C2. 



40397. 



40403. 



40399. 



40398. 



40401. 



40400. 



40402. 



40415. 



40419. 



40420. 



40421. 



40422. 



40411. 



40416. 



40423. 



40412. 



40418. 



40425. 



40424. 



40414. 



40413. 



40417. 



15863. 



10087. 



15864. 



15865. 



40372. 



40366. 



40370. 



40368. 



40367. 



40369. 



40371. 



10386, PART 1. 



10387, PART 2. 



10388, PART 3. 



07752, PART 2. 

02491, C2. 



03520. 



01301, PART 2. 



15837, PART 3. 



15830, PART 2. 

07374, PART 2. 



15831, PART 1. 



15832, PART 2. 



15833. 



15834. 



07381. 



15835. 



15836. 



15839. 



15840. 



15841. 



15842. 



15843. 



07379. 



15844. 



15845. 



15846. 



15847, PART 2. 



02493. 



15848. 



15849. 



02494. 



07370, PART 3. 



15850. 



07378. 



15853. 



15855. 



07767. 



15861. 



15854. 



03522. 



01372. 



01302. 



15866. 



15872. 



15873. 



15875. 



15881. 



15887. 



02492. 



01300, PART 1. 



03521, PART 2. 



15889. 



20797. 



22744. 



29688. 



22743. 



29942. 



15838. 



06010. 



07387. 

15851, C2. 

15852, C3. 

15860, C4. 

15859, C5. 

15858, C6. 



15857. 

15856, C2. 



10081. 



10080. 



07671. 



10083. 



03372. 

03515, C2. 

07392, C3. 



02497. 



15862. 



07383, PART-1. 



02495. 



09166. 



10085. 



02496. 



03517. 



03516. 



15867. 



07376. 



15868. 

15869, C2. 



15870. 

15871, C2. 



15874. 



07380. 



15876. 

15882, C2. 



15877. 



15879. 



15880. 



15883. 



07753. 



15884. 



15885. 



15886. 



15888. 



22741. 



22739. 

22738, C2. 



22740. 



22742. 



22771. 



29941. 



29943. 



29944. 

29945, C2. 



29946. 



30273. 

30274, C2. 



30665. 



30666. 



30667. 



30668. 



30669. 



30672. 



31055. 



31056. 



31057. 



31058. 



31059. 



31060. 



31061. 



31062. 



31063. 



31355. 



31385. 



31386. 



31387. 



31388. 



31389. 



31390. 



31619. 



31620. 



31621. 



31622. 



31623. 



31902. 



31904. 



32052. 



32226. 



32243. 



32741. 



32774. 

32775, C2. 



32776. 



32777. 

32778, C2. 



32779. 

32780, C2. 



32781. 

32782, C2. 



32783. 

32784, C2. 



32785. 

32786, C2. 



32787. 

32788, C2. 



32789. 

32790, C2. 



33021. 

33022, C2. 



33035. 

33036, C2. 



33037. 

33038, C2. 



33039. 

33040, C2. 



33041. 

33042, C2. 



33043. 

33044, C2. 



34366. 



34406. 



34407. 



34408. 



34409. 



34522. 



35464. 



35736. 

35737, C2. 

36123, C3. 

36124, C4. 



36964. 



37463. 



37466. 



37464. 



37465. 



37694. 



37742. 



37743. 



37744. 



37745. 



37746. 



37747. 



37748. 



37749. 



37750. 



37751. 



37752. 



37753. 



37754. 



37755. 



37756. 



37757. 



37758. 



37759, PART 3. 



37760. 



37761. 



37762. 



37763. 



37764. 



37765. 



37766. 



37767. 



37768. 



37769. 



37770. 



37771. 



37772. 



37773. 



37774. 



37775. 



37776. 



37777. 



37778. 



37779. 



37780. 



37781. 



37782. 



37783. 



37784. 



37785. 



37786. 



37787. 



37788. 



37789. 



37790. 



37791. 



37792. 



37958. 



38145. 



38146. 



38147. 



38148. 



38256. 



38263. 



38313. 



38314. 



38315. 



38316. 



38317. 



38318. 



38319. 



38320. 



38321. 



38322. 



38323. 



38324. 



38325. 



38326. 



38327. 



38328. 



38329. 



38330. 



38331. 



38332. 



38333. 



38334. 



38335. 



38336. 



38337. 



38338. 



24398. 



24409. 



38450. 



38451. 



39080. 



39117. 



39116. 



39518. 



39842. 



39843. 



39844. 



39845. 



39846, PART 1. 



39847, PART 2. 



39848, PART 1. 



39849, PART 2. 



39850, PART 1. 



39851, PART 2. 



39852, PART 1. 



39853, PART 2. 



39854. 



39855, PART 7. 



39856. 



40032. 



40136. 



40138. 



40348. 



20828. 



20829. 



20830. 



20831. 



20832. 

20833, C1. 



20834. 

20835, C2. 



20836. 



20837. 



20838. 



20839. 



20840. 



20841. 



20842. 



20843. 



20844. 



20845. 



20846. 



20847. 

00046, C2. 



20848. 

20849, C2. 

20850, C3. 



20851. 

20852, C2. 

29853, C3. 



40342. 



20819, PART 1. 



20820. 



00583. 



20821. 



20822. 



20823. 



20824. 



20825. 



20826. 



00585. 



20827. 



27632. 



20806, PART 1. 



20807. 



20808. 



20809. 



20810. 



20811. 



20812. 



20813. 



20814. 



20815. 



20816. 



20817. 



20818. 



27631. 



03371. 



20854. 



20855. 



22746. 



22747. 



15804. 



40343. 



02482. 



07369, PART 1. 



02477, PART 1. 



20761. 



20762. 



20763. 



27633, PART 1. 



03814, PART 1. 



20764, PART 1. 



20765, PART 1. 

20766, C2. 



20767. 



20768. 



20769. 

20770, C2. 



02470. 



03813. 



20771. 



20772. 

20773, C2. 



20774. 

20775, C2. 



20776. 



02472. 



02489. 



02484. 



20777, PART 1. 



06014. 



02471, PART 1. 



07672. 



07765. 



20778, PART 1. 



06013. 



20779. 



20780. 



40438. 



20781. 



20782. 



20783. 



20784. 



20785. 

20786, C2. 



02474. 



20787. 

20788, C2. 



20789. 



20790. 



20791. 

20782, C2. 



20793. 

20794, C2. 



20795. 

20796, C2. 



02483. 



20798. 



20799. 



20800. 

20801, C2. 

20802, C3. 

20803, C4. 

07368, C5. 



03518. 



10389. 



20804. 



02475. 



02479. 



20805. 



02473. 



02476. 



22736. 



22737. 



29932. 



29933. 

29934, C2. 



31046. 



31047. 



31048. 

31049, c2. 



31050. 



31051. 



31052. 



31053. 



31054. 



31905. 



32158. 



34365. 



34505. 



34600. 

34782, C2. 



26377. 



35907. 

35908, C2. 



38633. 



40139. 



34770. 



31085. 



03508. 

15748, C2. 

15749, C3. 



15754. 



15750. 



15757. 



15758. 



15759. 



07384. 



03511. 

15762, C2. 

15763, C3. 



01303. 



07669. 



01816. 



03408. 



15766. 



10079. 



15767. 



15764. 



15768. 

15769, C2. 



03458. 



15770. 

15771, C2. 



15772. 



15773. 



15774. 



15775. 



15776. 



15777. 



15778. 


