
07668. 



07670. 



15779. 



15780. 



15781. 



15782. 



03514. 



03513. 



15783. 

15784, C2. 

03509, C3. 



15751. 

15752, C2. 

15753, C3. 



15785. 

15786, C2. 

15787, C3. 



15755. 

15756, C2. 



03512. 



15765. 



15788. 



15789, PART 6. 

15792, C2. 

15797, C3. 



15790, PART 4. 



15791, PART 1. 



15793, PART 9. 

15794, C2. 

15798, C3. 



15795, PART 2. 

15796, C2. 



15803, PART 3. 



15799, PART 7. 

15800, C2. 

15801, C3. 



15802, PART 5. 



03686. 

03687, C2. 



15805, PART-3. 



15760, PART 1. 



15761, PART 3. 



06015. 

03457, C2. 



15806. 

15807, C2. 

15808, C3. 



15809. 

15810, C2. 



15811. 



15812. 



15813. 



15814. 



15815. 



03510. 



22749. 



22750, PART 2. 



22748. 



22745. 



30441. 



30452. 



30727. 

30728, C2. 



31658. 



32048. 



32047. 



32740. 



35914. 



37695. 



06140. 

06135, C2. 



01295, PART 1. 



06150, PART 2. 

16028, C2. 

01296, C3. 



01297, PART 3. 



02405. 



06145. 

06133, C2. 



06146. 

06142, C2. 



06139. 

06149, C2. 

06144, C3. 



24125. 



06136. 



06137. 

06148, C2. 



06141. 

06138, C2. 



06134. 

06143, C2. 



01299. 



06147. 



01298. 



00048. 

00047, C2. 



22733. 



31247, PART 1. 



35151. 



39594. 



40034. 



05550. 



05553. 

05554, C2. 



07755. 



05552. 


15991. 

05547, C2. 

05548, C3. 



15824, PART 3 (PART 3 OF ENGLISH). 



15825, PART 2 (OF ENGLISH). 

15827, C2. 

05539, C3. 



05541, PART 1 (OF ENGLISH). 

15826, C2. 

05540, C3. 



15828. 

20139, C2. 

19925, C3. 



15992. 



15993. 

15994, C2. 



06131. 



06012. 

06011, C2. 



01488. 

01487, C2. 



05537. 



05536. 



06132. 



05545. 

05546, C2. 



05555. 



01243. 



05542. 



01244. 



05557. 

05538, C2. 

05556, C3. 



15829. 



22734. 



22735. 



29935, PART 1. 



29936. 



29937. 



29938. 



29940. 



30671. 



31246. 



36122. 



37913. 



39595. 



40037. 



00586. 



20856, PART 1. 



20858. 



20859, PART 2 



15900. 



20860. 



29949. 

29948, C2. 



18227. 



40441. 



26900, VOL 1. 



26901, VOL 2. 



26902, VOL 3. 



26903, VOL 4. 



26904, VOL 5. 



26905, VOL 6 



26906, VOL 7. 



26907, VOL 8 



26908, VOL 9. 



26909, VOL 10. 



07390, VOL 11. 



37452, VOL 1. 



37453, VOL 2. 



26910, VOL 1. 



26911, VOL 2. 



26912, VOL 3. 



26913, VOL 5. 



26914, VOL 8. 



26915, VOL 9. 



26916, VOL 10. 



26917, VOL 16. 



26918, VOL 18. 



26919, VOL 20. 



26920, VOL 23. 



26921, VOL 24. 



04045. 



01547. 



09395. 



26922. 



09376, VOL 



09375. 



09378. 



03267. 



26923. 



34530. 



26924. 



26925. 



26926. 



26927. 



26928. 



26929. 



26930. 



26931. 



26932. 



26933. 



26934. 



26935. 



26936. 



26937. 



26938. 



26939. 



26940. 



26941. 



26942. 



26943. 



26944. 



26945. 



26946. 



26947. 



26948. 



26949. 



26950. 



26951. 



26952. 



26953. 



26954. 



26955. 



26956. 



26957. 



26958. 



26959. 



26960. 



26961. 



26962. 



26963. 



26964. 



26965. 



03930. 



09373. 



03979. 



29666. 



26967. 



26968. 



26969. 



26970. 



03946. 



26971. 



26972. 



26973. 



26974. 



26975. 

26976, C2. 



26977. 



26978. 



26979. 

26987, C2. 



26988. 

26989, C2. 



26990. 



26991. 



26992. 



26993. 



26994. 



26995. 



26996. 



26997. 



26998. 

26999, C2. 



27000. 



27001. 



27002. 



27003. 

27004, C2. 



27005. 



27006. 

27007, C2. 

27014, C3. 



27008. 

27019, C2. 



27009. 



27010. 



27011. 



27012. 



27013. 



07385. 



27015. 



09821. 



27016. 



27017. 



03257. 



27018. 



27020. 



27021. 



27022. 



07388. 



03935. 



03972. 



03929. 



27023. 



27024. 



27025. 



27026. 



03934. 



03940. 



27027. 



03939. 



03943. 



03942. 



03944. 



03948. 



03945. 



03937. 



27028. 



03941. 



03938. 



03936. 



27029. 



03971. 



03962. 



03968. 



27030. 



27031. 



27032. 



03957. 



03961. 



03960. 



03966. 



27033. 



03967. 



03963. 



03959. 



03953. 



03955. 



03952. 



27034. 



03951. 



03954. 



03965. 



04011. 



04014. 



04012. 



04013. 



04008. 



04009. 



04010. 



03997. 



04015. 



04016. 



03978. 



03980. 



03981. 



03982. 



03983. 



03984. 



03986. 



03987. 



03988. 



03989. 



03994. 



03993. 



03995. 



03996. 



03975. 



04006. 



04005. 



04004. 



04003. 



04001. 



03974. 



03977. 



03991. 

03992, C2. 



03976. 



03985. 



03990. 



03973. 



04007. 



04017. 



27035. 



27036. 



03949. 



03998. 



27037. 



27038. 

27040, C2. 



27039. 



27041. 



27042. 



27043. 



27044. 



27045. 



02480. 



27046. 



27047. 



27048. 



27049. 



14636. 



03999. 



27050. 



27051. 



27052. 



27053. 



27054. 



27055. 

27056, C2. 



27057. 



27058. 



27059. 



27060. 



27061. 



27062. 



27063. 



27064. 



27065. 



27066. 



27067. 



27068. 



27616. 



22797. 



09578. 



36142. 



27069. 



03674. 



03684. 



03669. 



03670. 



03676. 



03665. 



03672. 



03663. 



03671. 



03662. 



03678. 



03673. 



03680. 



03677. 



03679. 



03666. 



03664. 



03682. 



03668. 



03624. 



03675. 



03683. 



03667. 



03681. 



27070. 



27071. 

27072, C2. 



27073. 



27074. 

27084, C2. 



27075. 



27076. 



27077. 



27078. 



27079. 



27080. 



27081. 



27082. 



27083. 



09656. 



35938. 



35953. 



35954. 



35955. 



35956. 



35957. 



35958. 



35959. 



35968. 



35969. 



04050. 



26386. 



26387. 

26388, C2. 

26399, C3. 



26389. 



26390. 



26391. 



07705. 



26392. 



26393. 



26394. 



26395. 



26396. 



26397. 



10187. 



09392. 



26398. 



26400. 



26401. 



26402. 



26403. 



26404. 



04052. 



26405. 



26406. 



26407. 



26408. 



26409. 



26410. 



26411. 



26430. 



26412. 



26413. 



26414, PART 3. 



26415, PART 2. 



26416. 



26417. 



26418. 



02487. 



26419. 



09820. 



02481. 



26420. 



26421, PART 1. 



26422, PART 3. 



26423. 



26424. 



26425. 



09370. 



26426. 



26427. 



26428. 



26429. 



26431. 



26432. 



26433. 



02485. 



09394. 



26434. 

26435, C2. 

26436, C3. 



26437. 



26438. 



26439. 

26440, C2. 



26441. 



07377. 



26442. 



26443. 



01549. 



26444. 



26445. 

26446, C2. 



26447. 



26448. 

26449, C2. 



02486. 



26450. 



26451. 

26452, C2. 



26453. 



29971. 



30434. 



40140. 



32049. 



26454. 



26455. 



26456. 

26457, C2. 

26458, C3. 

26459, C4. 



26460. 



26461. 

26463, C2. 

26464, C3. 



26462. 



26466. 



26467. 



26468. 



26469. 



26470. 

26472, C2. 



26471. 



26473. 



26474. 



26475. 



26476. 



26477. 



26478. 



26479. 



26480. 



26481. 



26482. 



26483. 



26484. 



26485. 



26486. 



26487. 



26488, PART 2. 



26489, PART 3. 



26490. 



26491. 



26492. 



26493. 



26494. 



26495. 



26496. 



26497. 



26498. 



26499. 



26500. 



26501. 

26502, C2. 



26503. 



26504. 



26505. 



09383. 



26506. 



26507. 



26508. 



26509. 



26510. 

26511, C2. 



26512. 



26513. 



26514. 



26515. 



26516. 



26517. 

26518, C2. 

26519, C3. 



26520. 



26522. 



26523. 



26524. 



26525. 



26526. 



26527. 



26528. 



26529. 



26530. 



26531. 



26532. 



26533. 



26534. 



26535. 



26536. 

26537, c2. 



26538. 



26539. 



26540. 



26541. 



26542. 



26543. 



26544. 



26545. 



26546. 



26547. 



26548. 



02469. 



26549. 



26550. 



26551. 



26552. 



26553. 



26554. 



26555. 



26556. 



26557. 



26558. 



26559. 



26560. 



26561. 



26562. 



26563. 

26564, C2. 



26565. 



26566. 



26567. 



26568. 



26569. 



26570. 



26571. 



26572. 



26573. 



26574. 



26575. 



26576. 



26577. 



26578. 



26579. 



26580. 



26581. 



26582. 



26583. 



26584. 



26585. 



26586. 



26587. 



26588. 



26589. 



26590. 



26591. 



26628. 



26592. 



26593. 



26594. 



26595. 



26596. 



26597. 



26598. 



26599. 



26600. 



26601. 



26602. 



26603. 



26604. 



26605. 



26606. 



26607. 



26608. 



26609. 



26610. 



26611. 



26612. 



26613. 



26614. 



26615. 



26616. 



26617. 



26618. 



26619. 



26620. 



26621. 



26622. 



26623. 



26624. 



26625. 



26626. 



26627. 



26629. 



26630. 



26631. 



26632. 



26633. 



26634. 



26635. 



26636. 



26637. 



26638. 



26639. 



26640. 



26641. 



26642. 



26643. 



26644. 



26645. 



26646. 



26647. 



26648. 



26649. 



26650. 



26651. 



26652. 



26653. 



26654. 



26655. 



26656. 



26657. 



26658. 



26659. 



26660. 



26661. 



26662. 



26663. 



26664. 



26665. 



26666. 



26667. 



26668. 



26669. 



26670. 



26671. 



26672. 



26673. 



26674. 



26675. 



26676. 



26677. 



26678. 



26679. 



26680. 



26681. 



26682. 



26683. 



26684. 


26685. 



26686. 



26687. 



26688. 



26689. 



26690. 



26691. 



26692. 



26693. 



26694. 



26695. 



26696. 



26697. 



26698. 



26699. 



26700. 



26701. 



26702. 



26703. 



26704. 



27085. 



26705. 



26706. 



26707. 



26708. 



26709. 



26710. 



26711. 



26712. 



26713. 



26714. 



26715. 



26716. 



26717. 



26718. 



26719. 



26720. 



26721. 



26722. 



26723. 



26724. 



26725. 



26726. 



26727. 



26728. 



26729. 



26730. 



26731. 



26732. 



26733. 



26734. 



26735. 



26736. 



26737. 



26738. 



26739. 



26740. 



26741. 



26742. 



26743. 



26744. 



26745. 



26746. 



26747. 



26748. 



26749. 



26750. 



26751. 



26752. 



26753. 



26754. 



26755. 



26756. 



26757. 



26758. 



26759. 



26760. 



26761. 



26762. 



26763. 



26764. 



26765. 



26766. 



26767. 



26768. 



26769. 



26770. 



26771. 



26772. 



26773. 



26774. 



26775. 



26776. 



26777. 



26778. 



26779. 



26780. 



26781. 



26782. 



26783. 



26784. 



26785. 



26786. 



26787. 



26788. 



26789. 



26790. 



26791. 



26792. 



26793. 



26794. 



26795. 



26796. 



26797. 



26798. 



26799. 



26800. 



28601. 



26802. 



26803. 



26804. 



26805. 



26806. 



26807. 



26808. 

26809, C2. 



26810. 



26811. 



26812. 



26813. 



26814. 



26815. 



26816. 



26817. 



26818. 



26819. 



26820. 



26821. 



26822. 



26823. 



26824. 



26825. 



26826. 



26827. 



26828. 



26829. 



26830. 



26831. 



26832. 



26833. 



26834. 



26835. 



26836. 



26837. 



26838. 



26839. 



26840. 



26841. 



26842. 



26843. 



26844. 



26845. 



26846. 



26847. 



26848. 



26849. 



26850. 



26851. 



26852. 



26853. 



26854. 



26855. 



26856. 



26857. 



26858. 



26859. 



26860. 



26861. 



26862. 



26863. 



26864. 



26865. 



26866. 



26867. 



26868. 



26869. 



09396. 



26870. 



26871. 



26872. 



26874. 



26873. 



26875. 



26876. 



26877. 



26878. 



26879. 



26880. 



26881. 



26882. 



26883. 



26884. 



26885. 



03956. 



03932. 



26886. 



26887. 

26888, C2. 



26889. 



26890. 



26891. 



26892. 



26893. 



26894. 



26895. 



26896. 



26897. 



26898. 



26899. 



26015. 



26016. 



26017. 



26018. 



26019. 



26020. 



26021. 



26022. 



26023. 



26024. 



26025. 



26026. 



26027. 



26028. 



26029. 



26030. 



26031. 



03623. 



26032. 



26033. 



26034. 

26035, C2. 

26036, C3. 



26037. 

26038, C2. 



26039. 



26040. 



26041. 



26042. 



26043. 



26044. 



26045. 

26046, C2. 



26047. 



26048. 



26049. 



37283. 



26050. 



26051. 



26052. 



26053. 



26054. 



26055. 



26056. 

26057, C2. 



26058. 

26059, C2. 

26060, C3. 



26061. 



26062. 



26063. 

26120, C2. 



26064. 



27612. 



26065. 



26066. 



26067. 



26068. 



26069. 



26070. 



26071. 



26072. 



26073. 



26074. 



26075. 



26076. 



26077. 



26078. 



26079. 



26080. 



26081. 



26082. 



26083. 



26084. 



26085. 



26086. 



26087. 



26088. 



26089. 



26090. 



26091. 



26092. 



26093. 



26094. 



26095. 



26096. 



26097. 



26098. 



26099. 



26100. 



26101. 



26102. 



26103. 



26104. 



26105. 



26106. 



26107. 



26108. 



26109. 



26110. 



26111. 



26112. 



26113. 



26114. 



26115. 



26116. 



03652. 



26117. 



26118. 



26119. 



26121. 



26122. 



26123. 



26124. 



26125. 



26126. 



26127. 



26128. 



26129. 



26130. 



26131. 



26132. 



26133. 



26134. 



26135. 



26136. 



26137. 



26138. 



26139. 



26140. 



26141. 



26142. 



26143. 



26144. 

26269, C2. 

26315, C3. 



26145. 



26146. 



26147. 



26148. 



26149. 



26150. 



26151. 



26152. 



26153. 



26154. 



26155. 



26156. 



26157. 



26158. 



27608. 



26159. 



26160. 



26161. 



26162. 



26163. 



26164. 



26165. 



26166. 



26167. 



26168. 



26169. 



26170. 



26171. 



26172. 



26173. 



26174. 



26175. 



26176. 



26177. 

26178, C2. 



26179. 



26180. 



26181. 



26182. 



26183. 



26184. 



26185. 



26186. 



26187. 



26188. 



26189. 



26190. 



26191. 

26192, C2. 



26193. 



26194. 



26195. 



26196. 



26197. 



26198. 



26199. 



26200. 



26201. 



26202. 



26203. 



26204. 



26205. 



26206. 



26207. 



26208. 



26209. 



26210. 



26211. 



26212. 



26213. 



26214. 



26215. 



26216. 



26217. 



26218. 



26219. 



26220. 



26221. 



26222. 



26223. 



26224. 



26225. 



26226. 



26227. 

26228, C2. 

26229, C3. 

26230, C4. 

26231, C5. 

26232, C6. 

26233, C7. 



26234. 



26235. 

26236, C2. 

26237, C3. 

26238, C4. 

26239, C5. 

26240, C6. 

26241, C7. 

26242, C8. 

26243, C9. 



26244. 



26245. 

26246, C2. 



 



26247. 

26248, C2. 

26249, C3. 

26250, C4. 



26251. 



26252. 



26253. 



26254. 



26255. 



26256. 



26257. 



26258. 



26259. 



27607. 



26260. 



26261. 



26262. 



26263. 



26264. 



26265. 



26266. 



26267. 



26268. 



26270. 



26271. 

26275, C2. 



26272. 



26273. 



26274. 



26276. 



26277. 



26278. 



04066. 



26279. 



26280. 



26281. 



26282. 



04902. 



26283. 



26284. 



26285. 



26286. 



26287. 



26288. 



26289. 



26290. 



26291. 



26292. 



26293. 



26294. 



26295. 



26296. 



26297. 



26298. 



26299. 



26300. 



26301. 



26302. 



26303. 



26304. 



26305. 



01645. 



26306. 



36138. 



36139. 



36141. 



36143. 



36144. 



36145. 



36723. 



26307. 



26308. 

26309, C2. 



26310. 



26311. 



26312. 



26313. 



26314. 



26316. 



26317. 



26318. 



26319. 



26320. 



26321. 



26322. 



26323. 



26324. 



26325. 



26326. 



26327. 



26328. 



26329. 



26330. 



26331. 



26332. 



26333. 



26334. 



26335. 



26336. 



26337. 



26338. 



26339. 



26340. 



26341. 



26342. 



26343. 



26344. 



26345. 



26346. 



26347. 



26348. 



26349. 



26350. 



26351. 



26352. 



26353. 



26354. 



26355. 



26356. 



26357. 

26368, C2. 



26359. 



26360. 



26361. 

26362, C2. 

26363, C3. 

26364, C4. 



26365. 



26366. 



26367. 



26358. 



26369. 



26370. 



26371. 



26372. 



26373. 



26374. 



26375. 



26376. 



26378. 



26379. 



26380. 



26381. 



26382. 



26383. 



26384. 



26385. 



25610. 



25611. 



25612. 



25613. 



25614. 



25615. 



25616. 



25617. 



25618. 



25619. 



25620. 



25621. 



25622. 



25623. 



25624. 



25625. 



25626. 



25627. 



25628. 



25629. 



25630. 



25631. 



25632. 



25633. 



25634. 



25635. 



25636. 



25637. 



25638. 



25639. 



25640. 

25641, C2. 

25642, C3. 



25643. 



25644. 



25645. 



25646. 



25647. 



25648. 



25649. 



25650. 



25651. 



25652. 



25653. 



25654. 



25655. 



25656. 



25657. 



25658. 



25659. 



07756. 



07757. 



25660. 



25661. 



25662. 



25663. 



25664. 



25665. 



25666. 



25667. 



25668. 

25669, C2. 



25670. 



25671. 



25672. 

25673, C2. 



25674. 



09823. 



25675. 



25676. 



25677. 



25678. 



25679. 



25680. 



25681. 



25682. 



25683. 

25684, C2. 

25685, C3. 



25686. 

25687, C2. 



25688. 



17005. 



25689. 



25690. 



25691. 



25692. 



25694. 

25693, C2. 

25695, C3. 

25696, C4. 

25697, C5. 



25698. 



25699. 



25700. 



25701. 



25702. 



25703. 



25704. 



25705. 



25706. 



25707. 



25708. 



25709. 



25710. 

25711, C2. 

25712, C3. 



25713. 



27742. 



25714. 



25715. 



25716. 

25717, C2. 

25718, C3. 



25719. 



25720. 



25721. 



25722. 

25724, C2. 

25754, C3. 



25723. 



25725. 



25726. 



25727. 



25728. 



25729. 



25730. 



25731. 



25732. 



25733. 



25734. 



25735. 



25736. 



25737. 



25738. 



25739. 



25740. 



25741. 

25742, C2. 



25743. 



25744. 



25745. 

25746, C2. 



25747. 



25748. 



25749. 



25750. 



25751. 



25752. 



25753. 



25755. 



25756. 



25757. 



25758. 



25759. 



25760. 



25761. 



25762. 



25763. 



01641. 



01637, PART 1. 



01638, PART 2. 



01639, PART 3. 



01640, PART 4. 



25765, PART 8. 



25766. 



25767, PART 9. 



25768, PART 4. 



25769, PART 7. 



25770. 



25771. 



25772. 



25773. 



25774. 

25775, C2. 



25776. 



03266. 

25777, C2. 



25778. 



25779. 



25780. 



25781. 



09817. 



25782. 



25783. 



25784. 



27618. 



25785. 



25786. 



25787. 



25788. 



25789. 



25790. 



25791. 



25792. 



25793. 



25794. 



25795. 

25796, C2. 

25797, C3. 

25798, C4. 



25799. 



25800. 



25801. 



25802. 

25803, C2. 

25804, C3. 

25805, C4. 

25806, C5. 



03958. 



25807. 



03627. 



25808. 



25809. 



25810. 



25811. 



25812. 



25813. 



25814, PART 1. 



25815. 



25816. 



03950. 



25817. 

25818. 



25819. 

25824, C2. 



25820. 



25821. 



25822. 



25823. 



25825. 



25826. 



25827. 

25828, C2. 

25829, C3. 

25832, C4. 

25833, C5. 



25830. 



25831. 



25834. 



25835. 



25836. 

25841, C2. 

25842, C3. 



25837. 



25838. 



25839. 



25840. 

25843, C2. 



25844. 



25846. 



25847. 



25848. 



25849. 



25850. 



25851. 



25852. 



25853. 



25854. 



25855. 



25856. 

25857, C2. 

25858, C3. 



25859. 



25860. 



25861. 



25862. 



25863. 



25864. 



01492. 



25865. 



25866. 



04002. 



25867. 



25868. 



25869. 

25875, C2. 

25876, C3. 



25870. 



25871. 



25872. 



25873. 



25874. 



25877. 



25878. 



25879. 



25880. 



03964. 



25881. 



25882. 



25883. 



25884. 



25885. 



25886. 



25887. 



25888. 



25889. 



25890. 



25891. 



25892. 



25893. 



25894. 



25895. 



25896. 

25897, C2. 

25898, C3. 

25899, C4. 

25900, C5. 

25901, C6. 

25902, C7. 

25903, C8. 

25904, C9. 

25905, C10. 

25906, C11. 

25907, C12. 

25908, C13. 

25909, C14. 

25910, C15. 



25911. 

25912, C2. 

25913, C3. 

25914, C4. 

25918, C5. 

25921, C6. 



25915. 

25916, C2. 

25917, C3. 



25919. 



25920. 



25922. 



25923. 



25924. 



25925. 



25926. 



25927. 



25928. 



25929. 



25930. 



25931. 



25932. 



25933. 



25934. 



25935. 



25936. 



25937. 



25938. 



25939. 



25940. 



25941. 



25942. 



25943. 



25944. 



25945. 



25946. 



25947. 



25948. 



25949. 



25950. 



25951. 



25952. 

25953, C2. 



25954. 



25955. 



25956. 



25957. 



25958. 



25959. 



25960. 



25961. 



25962. 



25963. 



25964. 



25965. 



25966. 



25967. 



25968. 



25969. 



25970. 



25971. 



25972. 



25973. 



25974. 



25975. 

25976, C2. 



25977. 



25978. 



25979. 



25980. 



25981. 



25982. 



25983. 



25984. 



25985. 



25986. 



25987. 



25988. 



25989. 



25990. 



25991. 



25992. 



25993. 



25994. 



25995. 



25996. 



25997. 



25998. 



25999. 



26000. 

26001, C2. 



26002. 



26003. 



26004. 



26005. 



26006. 



26007. 



26008. 



26009. 



26010. 



26011. 



26012. 



26013. 



26014. 



07759. 



27611. 



24942. 



24943. 



24944. 



24945. 



24946. 



24947. 



24948. 



24949. 



24950. 



24951. 

24995, C2. 



01486. 

01485, C2. 



24952. 



24953. 



24954. 



24955. 



24956. 



24957. 



24958. 



24959. 



24960. 

24961, C2. 



24962. 



24963. 



24964. 



24965. 



24966. 



24967. 



24968. 



24969. 



24970. 



04000. 



24971. 



24972. 



24973. 



24974. 



24975. 



24976. 



24977. 



24978. 



24979. 



24980. 



24981. 



24982. 



24983. 



24984. 

24985, C2. 



24986. 



24987. 

24988, C2. 



24989. 



24990. 



24991. 



24992. 



24993. 



24994. 



24996. 



24997. 



24998. 



24999. 



25000. 



25001. 



04018. 



25002. 



25003. 



25004. 



25005. 



25006. 



25007. 



25008. 



25009. 



25010. 



25011. 



00920. 



25012. 



02466. 



25013. 



25014. 



25015. 



25016. 



25017. 



25018. 



25019. 



25020. 



25021. 



25022. 

25023, C2. 

25024, C3. 



25025. 



25026. 



25027. 

25028, C2. 



25029. 



25030. 



25031. 



25032. 



25033. 



25034. 



25035. 



25036. 



25037. 



25038. 



25039. 



25040. 



25041. 



25042. 



25043. 

25046, C2. 



25044. 

25045, c2. 



25047. 



25048. 

25049, C2. 



25050. 



25051. 



25052. 



25053. 



25054. 



25055. 



25056. 



25057. 



25058. 



25059. 



25060. 



25061. 



25062. 



25063. 



25064. 



25065. 



25066. 



25067. 



25068. 



25069. 



25070. 



25071. 



25072. 



25073. 



25074. 



25075. 



25076. 



25077. 



25078. 



25079. 



25080. 



25081. 



25082. 



25083. 



25084. 



25085. 



25086. 



25087. 



25088. 



25089. 



25090. 



25091. 



25092. 

25093, C2. 

25094, C3. 

25095, C4. 

25096, C5. 



25097. 



25098. 



25099. 



25100. 



25101. 



25102. 



25103. 



25104. 



25105. 



25106. 



25107. 

25109, C2. 



25108. 



25110. 

25111, C2. 



25112. 



25113. 



25114. 



25115. 



25116. 



25117. 



25118. 



25119. 



25120. 



25121. 



25122. 



25123. 



25124. 



25125. 



25126. 

25127, C2. 

25128, C3. 



25129. 



25130. 



25131. 



25132. 



25133. 



25134. 



25135. 

25136, C2. 



25138. 

25137, C2. 



25139. 



25141. 

25140, C2. 



25142. 



25143. 



25144. 

25145, C2. 

25146, C3. 



25147. 



25148. 



25149. 

25150, C2. 

25151, C3. 

25152, C4. 

25153, C5. 

25154, C6. 

25155, C7. 

25156, C8. 

25157, C9. 

25158, C10. 

25159, C11. 

25160, C12. 

25161, C13. 

25162, C14. 



25163. 



25164. 



25165. 



25166. 



25167. 



25168. 

25169, C2. 

25170, C3. 



25172. 

25171, C2. 



25173. 

25174, C2. 

25175, C3. 



25176. 

25177, C2. 



25178. 



25179. 



25180. 



25181. 



25182. 



03629. 

25183, C2. 



25184. 



25185. 

25186, C2. 



25187. 

25188, C2. 



25189. 

03645, C2. 



03659. 



03661. 



03641. 



03619. 



03660. 



25190. 



03632. 



03633. 



03621. 



03639. 



03656. 



03640. 



03643. 



03644. 



03630. 



03626. 



03620. 



03655. 



25191. 



03647. 



03635. 



03638. 



03637. 



03636. 



03628. 



03654. 



03653. 



03651. 



03648. 



03649. 



03650. 



03634. 



03625. 



03618. 



03642. 



03622. 



03657. 



03617. 



03646. 



03631. 



03616. 



25192. 



25193. 



03658. 



25194. 

25195, C2. 



25196. 



25197. 



25198. 



25199. 



25200. 



25201. 



25202. 



25203. 



25204. 



25205. 



25206. 



25207. 



25208. 



25209. 



25210. 



25211. 



25212. 



25213. 



25214. 



25215. 



25216. 



25217. 



25218. 



25219. 



25220. 



25221. 



25222. 



25223. 



25224. 



03931. 



25225. 



25226. 



25227. 



25228. 



25229. 



25230. 



25312. 



25231. 



25232. 



25233. 



25234. 



25235. 



25236. 



25237. 



25238. 



25239. 



03933. 



25240. 



25241. 



25242. 



25243. 



25244. 



25245. 



25246. 



25247. 



25248. 



25249. 



25250. 



25251. 



25252. 



25253. 



25254. 



25255. 



25256. 



25257. 



25258. 



25259. 



25260. 



25261. 



25262. 



25263. 



25264. 



16941. 



25265. 



25266. 



25267. 



25268. 



25269. 



25270. 



25271. 



25272. 



25273. 



25274. 



25275. 



25276. 



25277. 



25278. 



25279. 



25280. 



25281. 



25282. 



25283. 



25284. 



25285. 



25286. 



25287. 



25288. 



25289. 



25290. 



25291. 



25292. 



25293. 



25294. 



25295. 



25296. 



25297. 



25298. 



03615. 



25299. 



25300. 



25301. 



25302. 



25303. 



25304. 



25306. 

25305, C2. 

25307, C3. 



25308. 



25309. 



25310. 



27614. 



27617. 



25311. 



25313. 

25314, C2. 



25315. 



25316. 



25317. 



25318. 



25319. 

25320, C2. 



25321. 

25322, C2. 



25323. 

25324, C2. 

25325, C3. 

25326, C4. 

25327, C5. 

25328, C6. 

25329, C7. 

25330, C8. 

25331, C9. 

25332, C10. 

25333, C11. 

25334, C12. 

25335, C13. 

25336, C14. 



25337. 



25338. 



25339. 



25340. 



25341. 

25342, C2. 

25343, C3. 



25344. 

25345, C2. 

25346, C3. 



25347. 

25348, C2. 

25349, C3. 

25350, C4. 

25351, C5. 

25352, C6. 

25353, C7. 



25354. 

25356, C2. 

25357, C3. 

25358, C4. 

25359, C5. 

25360, C6. 



25355. 



25361. 



25362. 



25363. 



25364. 

25365, C2. 



25366. 

25368, C2. 



25367. 



25369. 



25370. 



25371. 



25372. 



25373. 



25374. 



25375. 



25376. 



25377. 



25378. 



25379. 

25380, C2. 

25381, C3. 

25382, C4. 

25383, C5. 

25384, C6. 

25385, C7. 

25386, C8. 

25387, C9. 

25388, C10. 

25389, C11. 

25390, C12. 

25391, C13. 

25392, C14. 

25393, C15. 

25394, C16. 

25395, C17. 

25399, C18. 



25396. 



25397. 

25398, C2. 



25400. 



25401. 



25402. 



25403. 



25404. 



25405. 



25406. 



25407. 



25408. 



25409. 



25410. 



25411. 



25412. 



25413. 



25414. 



25415. 



25416. 



25417. 



25418. 



25419. 



25420. 



25421. 



25422. 



25423. 



25424. 



25425. 

25426, C2. 



25427. 



25428. 



25429. 

25430, C2. 



25431. 



25432. 



25433. 



25434. 



25435. 



25436. 

25437, C2. 



25438. 

25439, C2. 

25440, C3. 

25441, C4. 

25442, C5. 

25443, C6. 

25444, C7. 

25445, C8. 

25446, C9. 

25447, C10. 

25448, C11. 

25449, C12. 



25450. 



25451. 



25452. 



25453. 



25454. 



25455. 



25456. 



25457. 

25458, C2. 



25459. 



25460. 



25461. 



25462. 

25463, C2. 



25464. 



25465. 



25466. 



02468. 

25467, C2. 



25468. 

25469, C2. 



25470. 



25471. 



25472. 



25473. 



25474. 



25475 



25476. 



25477. 



25478. 



25479. 



25480. 



25481. 



25482. 



25483. 



25484. 



25485. 



25486. 



25487. 



25488. 



25489. 



25490. 

25491, C2. 



25492. 



25493. 

25494, C2. 



25495. 



25496. 



25497. 



25498. 



25499. 



25500. 



25501. 



25502. 



25503. 



25504. 



25505. 



25506. 



25507. 



25508. 



25509. 



25510. 



25511. 



25512. 



25513. 



25514. 



25515. 



25516. 



25517. 



25518. 



25519. 



25520. 



25521. 



25522. 



25523. 



25524. 



25525. 



25526. 



25527. 



25528. 



25529. 



25530. 



25531. 

25533, C2. 



25532. 



25534. 



25535. 



25536. 



25537. 



25538. 



25539. 



25540. 



25541. 



25542. 



25543. 



25544. 



25545. 



25546. 



25547. 



25548. 

25549, C2. 



25550. 



25551. 



25552. 



25553. 

25554, C2. 



25555. 



25556. 



25557. 

25558, C2. 



25559. 



25560. 

25561, C2. 



25562. 



25563. 

25564, C2. 

25565, C3. 



25566. 



25567. 



25568. 

25569, C2. 



25570. 



25571. 



25572. 



25573. 



25574. 



25575. 



25576. 



25577. 



25578. 



25579. 



25580. 



25581. 



25582. 



25583. 

25585, C2. 



25584. 



25586. 



25587. 



25588. 



25589. 



25590. 



25591. 



25592. 



25593. 



25594. 



25595. 



25596. 

25597, C2. 



25598. 



25599. 



25600. 



25601. 



25602. 



25603. 



25604. 



25605. 



25606. 



25607. 



25608. 



25609. 



 



24483, VOL 1. 



24484, VOL 3. 



24485, VOL 4. 



24487, VOL 3. 



24488, VOL 1. 



24489, VOL 2. 



24490, VOL 3. 



24491, PART 4. 



24492, VOL 1. 



24493, VOL 2. 



24494, VOL 3. 



24495, VOL 4 



24496, VOL 5 



24497, VOL 6. 



24498, VOL 7. 



24499. 



24500. 



24501. 



24502. 

24503, C2. 



24504. 



24505. 



24506. 

24507, C2. 



24508. 



24509. 

24510, C2. 

24515, C3. 



24511. 

24512, C2. 

24513, C3. 

24514, C4. 



24516. 



24517. 



24518. 



24519. 



24520. 



24521. 



24522. 

24523, C2. 

24524, C3. 

24525, C4. 



24526. 

24527, C2. 



24528. 

24530, C2. 

24531, C3. 



24529. 



24532. 



24533. 



24534. 



24535. 



24536. 



24537. 



24538. 



24539. 



24540. 



24541. 



24542. 



24543. 



24544. 



24545. 



24546. 



24547. 



24548. 



24549. 



24550. 



24551. 



24552. 

24553, C2. 



24554. 



24555. 



24556. 



24557. 



24558. 



24559. 



24560. 



24561. 



24562. 



24563. 



24564. 



24565. 



24566. 



24567. 



24568. 

24569, C2. 



24570. 

24571, C2. 



24572. 



24573. 

24574, C2. 



24575. 

24576, C2. 



24577. 



24578. 



24579. 



24580. 



24581. 



24582. 



24583. 



24584. 



24585. 



24586. 



24587. 



24588. 



24589. 



24590. 



24591. 



24592. 



24593. 



24594. 



24595. 



24596. 



24597. 

24598, C2. 

24599, C3. 



24600. 



24601. 



24602. 



24603. 



24604. 



24605. 



24606. 



24607. 



24608. 



24609. 



24610. 



24611. 



24612. 



24613. 



24614. 



24615. 

24616, C2. 



24617. 



24618. 



24619. 



24620. 



24621. 



24622. 



24623. 



24624. 



24625. 



24626. 



24627. 



24628. 



24629. 



24630. 



24631. 



24632. 



24633. 



24634. 



24635. 



24636. 



24637. 



24638. 



24639. 



04030, VOL 1. 



04029, VOL 2. 



04028, VOL 3. 



24640. 



24641. 



24642. 



24643. 



24644. 



24645. 



24646. 



24647. 



24648. 

24649, C2. 



24650. 

24651, C2. 



24652. 



24653. 

24663, C2. 



24654. 

24655, C2. 



24656. 



24657. 



24658. 



24659. 



24660. 



24661. 



24662. 



24664. 



24665. 



24666. 



24667. 



24668. 



24669. 



24670. 



24671. 



24672. 



24673. 



24674. 



24675. 

24676, C2. 



24677. 



24678. 



24679. 



24680. 



24681. 



24682. 



24683. 



24684. 



24685. 



24686. 



24687. 



24688. 



24689. 



24690. 



24691. 



24692. 



24693. 



24694. 



24695. 



24696. 



24697. 



24698. 



24699. 



24700. 



24701. 

24702, C2. 



24703. 



24704. 



24705. 



24706. 



24707. 



24708. 



24709. 



24710. 



24711. 



24712. 



24713. 



24714. 



37955. 



24715. 



24716. 



24717. 



24747. 



24718. 



24719. 



24720. 



24721. 



24722. 



27609. 



24723. 



24724. 



24725. 



24726. 



24727. 



24728. 



27615. 



24729. 



24730. 



24731. 

24735, C2. 



24732. 



24733. 



24734. 



24736. 



24737. 



24738. 



24739. 



24740. 



24741. 



24742. 



24743. 



24744. 



24745. 



24746. 



24748. 

24772, C2. 



24749. 



24750. 



24751. 



24752. 



24753. 



24754. 



24755. 



24756. 



24757. 



24758. 

24759, C2. 



24760. 



24761. 



24762. 



24763. 



24764. 



24765. 



24766. 



24767. 



24768. 



24769. 



24770. 



24771. 



24773. 



24774. 



24775. 



24776. 



24777. 



24778. 



24779. 



24780. 



24781. 



24782. 



24783. 



24784. 



24785. 



24786. 



24787. 

24788, C2. 

24789, C3. 



24790. 



24791. 



24792. 



24793. 



24794. 



24795. 



24796. 



24797. 



24798. 



24799. 



24800. 



24801. 



24802. 



24803. 



24804. 



24805. 



24806. 



24807. 



24808. 



24809. 



24810. 



24811. 



24812. 



24813. 



00918. 



24814. 



24815. 



24816. 



24817. 



24818. 



24819. 



24820. 



24821. 



24822. 



24823. 



24824. 



24825. 



24826. 



24827. 

24828, C2. 



24829. 



24830. 



24832. 



24831. 



24833. 



24834. 



24835. 



24836. 



24837. 



24838. 



24839. 



24840. 



24841. 



24842. 



24843. 



24844. 



24845. 



24846. 



24847. 



24848. 



24849. 



24850. 



24851. 



24852. 



24853. 



24854. 



24855. 



24856. 



24857. 



24858. 



24859. 



24860. 



24861. 



24862. 



24863. 



24864. 



24865. 



24866. 



24867. 



24868. 



24869. 



24870. 



24871. 



24872. 



24873. 



24874. 



24875. 



24876. 



24877. 



24878. 



24879. 



24880. 



24881. 



24882. 



24883. 



24884. 



24885. 



24886. 



24887. 



24888. 



24889. 



24890. 



24891. 



24892. 



24893. 



24894. 



24895. 



24896. 



24897. 



24898. 

24899, C2. 



24900. 

24901, C2. 

24902, C3. 

24903, C4. 

24904, C5. 

24905, C6. 

24906, C7. 

24907, C8. 

29408, C9. 

24909, 10. 

24910, C11. 

24911, C12. 

24912, C13. 



29413. 



24914. 



24915. 



24916. 



24917. 



24918. 



24919. 



24920. 



24921. 



24922. 



24923. 



24924. 



24925. 



24926. 



24927. 



24928. 



24929. 



24930. 



24931. 



24932. 



24933. 



24934. 



24935. 



24936. 



24937. 



24938. 



24939. 



24940. 



24941. 



27288. 



27289. 



27290. 

27291, C2. 



27292. 



27293. 



27294. 

27295, C2. 

27296, C3. 



27297. 

27298, C2. 



27299. 



27300. 



27301. 



27302. 

27303, C2. 



27304. 

27305, C2. 



27306. 



27307. 

27308, C2. 

27309, C3. 



27310. 



27311. 



27312. 



27313. 



27314. 

27315, C2. 



27316. 



27317. 



27318. 



27319. 



27320. 



27321. 



27322. 



27323. 



27324. 



27325. 



27326. 



27327. 

27328, C2. 



27329. 

27330, C2. 



27331. 



27332. 



27333. 



27334. 



27335. 

27336, C2. 



27337. 



27338. 



27339. 



27340, PART 2. 



27341, PART 1. 



27342. 



27343. 



27344. 



27345. 



27346. 



27347. 



27348. 



27349. 



27350. 



27351. 



27352. 



27353. 



27354. 



27355. 

27356, C2. 



27357. 



27358. 



27359. 



27360. 



27361. 



27362. 

27363, C2. 

27364, C3. 

27365, C4. 



27366. 



27367. 



27368. 



27369. 



27370. 



27371. 



27372. 



27373. 



27374. 



27375. 



27376. 



27377. 

27378, C2. 

27379, C3. 



27380. 



27381. 

27382, C2. 



27383. 



27384. 



27386. 



27387. 



27388. 



27389. 



27390. 



27391. 



27392. 



27393. 



27394. 



27395. 



27396. 



27397. 

27398, C2. 



27399. 

27400, C2. 

27401, C3. 



27402. 

27403, C2. 



27404. 



27405. 



27406. 



27407. 



27408. 



27409. 



27410. 



27411. 

27412, C2. 



27413. 

27414, C2. 

27415, C3. 

27416, C4. 

27417, C5. 

27418, C6. 

27419, C7. 

27420, C8. 

27421, C9. 

27422, C10. 

27423, C11. 

27424, C12. 

27425, C13. 

27426, C14. 

27427, C15. 



27428, PART 2. 

27429, C2. 

27430, C3. 

27431, C4. 

27432, C5. 

27433, C6. 



27434, PART 1. 



27435. 

27436, C2. 



27437. 



27438. 



27439. 

27440, C2. 



27441. 



27442. 

27443, C2. 



27444. 

27445, C2. 



27446. 



27447. 



27448. 

27449, C2. 



27450. 

27451, C2. 

27452, C3. 



27453. 

27454, C2. 



27455. 

27456, C2. 



27457. 

27458, C2. 

27459, C3. 



27460. 

27461, C2. 

27462, C3. 



27463. 



27464. 



27465. 



27466. 



27467. 



27468. 



27469. 

27470, C2. 

27471, C3. 



27472. 



27473. 



27474. 



27475. 



27476. 



27477. 



27478. 



27479. 



27480. 



27481. 

27482, C2. 



27483. 



27484. 



27485. 



27486. 



27487. 



27488. 



27489. 



27490. 



27491. 



27492. 



27493. 



27494. 



27495. 



27496. 



27497. 



27498. 



27499. 



27500. 



27501. 



27502. 

27503, C2. 

27504, C3. 



27505. 



27506. 



27507. 



27508. 



27509. 



27510. 



27511. 



27512. 



27513. 



27514. 



27516. 



27517. 



27518. 

27519, C2. 



27520. 



27521. 



27522. 



27523. 



27524. 



27525. 

27526, C2. 

27530, C3. 



27527. 



01762. 



27528. 



00919. 



27529. 



27531. 



27532. 



27533. 



27534. 



27535. 



27536. 



27537. 



27538. 



03970. 



27539. 



27540. 



27541. 



27542. 

27543, C2. 

27544, C3. 

27545, C4. 

27546, C5. 

27547, C6. 

27548, C7. 

27549, C8. 

27550, C9. 



27551. 

27552, C2. 

27553, C3. 

27554, C4. 

27555, C5. 

27556, C6. 

27557, C7. 

27558, C8. 

27559, C9. 

27560, C10. 



27561. 

27562, C2. 

27563, C3. 



27564. 



27565. 



27566. 



27567. 



27568. 



27569. 



27570. 



27571. 



27572. 



27573. 



27574. 



27575. 



27576. 



27577. 



27578. 



27579. 

27580, C2. 



27581. 



27582. 



27583. 



27584. 



27585. 



27586. 



27587. 



27588. 

27589, C2. 



27590. 



27591. 



27592. 

27593, C2. 

27594, C3. 



27595. 



27596. 



27597. 



27598. 



27599. 

27600, C2. 



27601. 



27602. 



03947. 



27610. 



27603. 



27604. 

27605, C2. 



27606. 



27086. 

27087, C2. 



27088. 



27089. 



27090. 



27091. 



27092. 



27093. 



27094. 



27095. 



27096. 



27097. 



27098. 



27099. 



27100. 



27101, PART 3. 



27102. 



27103. 



27104. 



27105. 



27106, PART 5. 

27107, C2. 



27108, PART4. 



27109, PART 3. 



27110, PART 2. 



27111. 



27112. 



27113. 



27114. 



27115. 



27116. 



27117. 



27118. 



27119. 



27120. 



27121. 



27122. 



27123. 



27124. 



27125. 

27126, C2. 



27127. 



27128. 



27129. 



27130. 



27131. 



27132. 



27133. 



27134. 



27135. 

27136, C2. 

27137, C3. 

27139, C4. 



27138. 



27140. 



27141. 



27142. 



27143. 



27144. 



27145. 



27146. 



27147. 



27148. 



27149. 



27150. 



27151. 

27152, C2. 



27153. 



27154. 



27155, PART 2. 



03291. 



27156. 



27157. 



03290. 



27158. 



27159. 



09772. 



04046. 



27160. 



27161. 



09797. 



27162. 



27163. 



27164. 



27165. 



27166. 



27167. 



27168. 



27169. 



27170. 



27171. 



27172. 



27173. 



27174. 



27175. 



09393. 



01484. 



27176. 



27177. 



27178. 



27179. 



07707. 



27180. 



27181, PART 1, 2. 



02488. 



27182. 



27183. 



27184, PART 7. 



27185, PART 1. 



27186, PART 3. 



27187, PART 2. 



27188, PART 8. 



27189, PART 6. 



27190, PART 10. 



27191, PART 9. 



27192, PART 5. 



27193. 



27194. 

27196, C2. 



27195. 



27197. 



27198. 



27199. 



27200. 



27201. 



27202. 



27203. 



27204. 

27205, C2. 



27206. 



27207, PART 1. 



27208, PART 2. 



27209. 



27210. 



27211. 



27212. 

27213, C2. 



27214. 



27215. 



27216. 



38817. 



27217. 



27218. 



27219, PART 1. 



27220. 



27221. 



27222. 



27223. 



27224. 



27225. 



27226. 



27227. 



27228. 



27229. 



27230. 



27231. 



27232. 



27233. 



27234. 



27235. 



27236. 



27237. 



36681. 



36140. 



27238. 

27251, C2. 



27239. 



27240. 



27241. 



27242. 

27243, C2. 



27244. 



27245. 



27246. 



27247. 



27248. 



27249. 

27252, C2. 



27250. 



27253. 



27254. 



27255. 



27256. 



27257. 



27258. 



27259. 



27260. 



27261. 



02478. 



27262. 



27263. 



27264. 



27265. 



27266. 

27267, C2. 



27268. 



27269. 

27270, C2. 

27271, C3. 



27272. 



27273. 



27274. 



27275. 



27276. 



27277. 

27278, C2. 



27279. 

27280, C2. 



27281. 



27282. 



27283. 



27284. 



27285. 



27286. 



27287. 



37454. 



37455. 



37458. 



37457. 



37456. 



37459, VOL 1. 



37460, VOL2. 



37953. 



37954. 



37956. 



38149. 



35963. 



35964. 



35965. 



35966. 



35967. 



36626. 



35750. 



38210. 



38211. 



38212. 



39112. 



34278. 



40442. 



40443. 



40444. 



40445. 



40446. 



40447. 



40448. 



40449. 



17568. 



17468. 



40451. 



40453. 



40452. 



40450. 



40454. 



40455. 



17677. 



35756. 



35759. 



35761. 



29989. 



30010. 



32665. 



33067. 



33087. 



33608. 



33874. 



33894. 



33902. 



33904. 



33918. 



33921. 



34428. 



33430. 



34435. 



34445. 



34446. 



34448. 



34464. 



35346. 



38532. 



35323. 



35710. 



33872. 



30705. 



30398. 



40033. 



40144. 



40135. 


39494. 



37850. 



32573. 



31045. 



08305. 


