
13874. 


03212. 



07423. 

22347, C2. 



00827. 



22345. 



13875. 



13876. 



13877. 



13878. 



13879. 



13880. 



02365. 



13895. 



13896. 



13897. 



03328. 



09471. 



00830. 



10117. 



10304. 



10303. 



10305. 

21485, C2. 



10306. 



10307. 



10308. 



09161. 



09162. 



21489. 



22324. 



02044. 



07257. 



07277. 



07445. 



10114. 



13920. 



13958. 



27627. 



30754. 



30788. 



30789. 



30790. 



30998. 



31001. 



13912. 

13913, C2. 



13914. 



04472. 



00831. 



03210. 



27690. 



13898. 

13899, C2. 

13900, C3. 

13901, C4. 



13902. 

13903, C2. 

13904, C3. 



13905. 



13906. 



13907. 



13908. 



13909. 



13910. 



13911. 



04337. 



10090. 



09327. 



01448. 

13824, C2. 



13825. 



13826, V2. 



13827. 

13828, C2. 



13829. 



04353. 



03182. 

03181, C2. 

03203, C3. 



10048. 



13701. 

13702, C2. 



13703. 



13704. 



13705. 

13706, C2. 



13707. 



04265. 



15146. 

21456, C2. 



30323. 



30753. 



13687. 



13688. 

13689, C2. 



00458. 



09159. 



03333. 



14662. 



13674. 



13675. 



13677. 



13676. 



13678. 



13679. 



13680. 



13681. 



13682. 



03205. 



03195. 



03196. 



13684. 



07198. 



13694. 



10335. 



12109. 



03330. 



15147. 



22453. 



30827. 



13623. 



13624. 



13625. 



13626. 

13627, C2. 



13628. 



13629. 

13630, C2. 

13631, C3. 

13632, C4. 

13633, C5. 



13634. 

13635, C2. 

13636, C3. 

13637, C4. 

13638, C5. 



13639. 

13640, C2. 

13641, C3. 

13642, C4. 



13643. 

13644, C2. 

13646, C3. 



13645. 



13647. 

13648, C2. 

13649, C3. 



13650. 



13651. 



13652. 



13653. 



13654. 



13655. 



13656. 



13657. 



13658. 



13659. 

13660, C2. 

13661, C3. 

13662, C4. 



13663. 



13664. 

13665, C2. 



13666. 

13667, C2. 



13668. 

09167. 



09171. 



03362. 



03183. 



13669. 

13670, C2. 

13671, C3. 



13672. 



13673. 



03184. 



03185. 



03186. 



03187. 



03180. 

14552, C2. 



03209. 



03173. 



00835. 

00836, C2. 



07332. 



03200. 



13690. 



02898. 



13695. 

13696, C2. 

13697, C3. 

16857, C4. 



03324. 

30935, C2. 



14548. 



13698. 



14000. 



14518. 



14658. 



15148. 



21458. 

30934, C2. 

30939, C3. 

34266, C4. 

34267, C5. 

34292, C6. 

34293, C7. 



22330. 



22332. 



27692. 



30755. 



30824. 



30999. 



01590. 

02005, C2. 

16181, C3. 



03224. 



02745. 

16183, C2. 



13915. 



13916. 

13917, C2. 

13918, C3. 



02060. 



13919. 

02683, C2. 



02043. 



03223. 



02743. 



14664. 



15142. 



15143. 



14657. 



16180. 



16213. 



16214. 



21459. 



21460. 



21492. 



21496. 



22357. 



22359. 



22336, V1. 



22352. 



22337, V2. 



22353. 



22355. 



22356. 



22448. 



02604. 



01456. 



01457. 



01458. 



01459. 



01460. 



01461. 



13922. 



13923. 



13924. 

13925, C2. 

13926, C3. 

13927, C4. 

13928, C5. 



13929. 



13930. 



13931. 



03178. 



03190. 



01352. 



03179. 



00833. 



07678. 



00461. 



14663. 



13933. 



13934. 



13935. 



13936. 



13937. 

13938, C2. 



13939. 



13940. 



02774. 



13941. 



13942. 

07247, C2. 



13943. 



09147. 



04360. 



04469. 



07238. 



07242. 



09219. 

07738, C2. 

07737, C3. 



03215. 



07235. 



01968. 



07420. 



27691. 



13944. 



13945. 



13946. 



13947. 



13948. 

13949, C2. 



13950. 



13951. 



07244. 



07236. 



13952. 



13953. 



07239. 



13954. 



07241. 



13961. 



13962. 



13963. 



14513. 



30826. 



01392. 



13955. 



02701. 



13956. 



13957. 



13959. 



13960. 



00829. 



21457. 



30843. 



13974. 



13975. 



13976. 



13977. 

14515, C2. 



13978. 



07329. 



13979. 



14001. 

07690, C2. 

15179, C3. 



20446. 



13964. 



13965. 

13966, C2. 



13967. 

13968, C2. 



13969. 



13970. 

15734, C2. 



13971. 



13972. 



13973. 



03360. 



14512. 



13555. 



20447. 



13988. 



13989. 



13990. 



13991. 



13992. 



13993. 

13994, C2. 



13995. 



13996. 



13997. 



13998. 



13980. 



13981. 



13982. 



13983. 

13984, C2. 

13985, C3. 



13986. 



13987. 



03919. 



02040. 



00837. 



13881. 



13882. 



13883. 



13884. 



04361. 



22339. 



13885. 



13886. 



13887. 



13888. 



13889. 

13890, C2. 



13891. 



13892. 



13893. 



13894. 



04476. 



15145. 



10046. 



07278. 



07197. 



09149. 

03917, C2. 



13472. 



13474. 

13473, C2. 



13475. 



00485. 



04362. 

10121, C2. 



22342. 



22343. 



13468. 

13469, C2. 



13470. 

13471, C2. 



16854. 



14660. 



07325. 



14549. 



04475. 



13476. 

13477, C2. 

13478, C3. 



13479. 

13480, C2. 



13481. 

13483, C2. 



13482. 



13484. 



13485. 



03198. 



13486. 

13487, C2. 

13488, C3. 



13489. 



07232. 

13490, C2. 



13491. 



13545. 



13556. 



13820. 



14517. 



14659. 



27693. 



22454. 



30792. 



00828. 



13492. 

13493, C2. 



13494. 



13495. 

04474, C2. 



13496. 

13500, C2. 



13497. 



03174. 



03197. 

13546, C2. 



10118. 

10119, C2. 

22490, C3. 



13547. 

13548, C2. 



13549. 



13550. 



13551. 

13552, C2. 



27694. 



32107. 



14550. 



03325. 



00128. 



03177. 



03922. 



03326. 



13498. 



13499. 



13502. 



13503. 



13504. 

03331, C2. 



13505. 



13506. 

13507, C2. 



13508. 



13509. 



03332. 



13510. 



13512. 



13513. 



13514. 

13515, C2. 



13516. 

13819, C2. 



13517. 



13518. 

13528, C2. 

13790, C3. 



13519. 



13520. 



13521. 

13522, C2. 

13523, C3. 

13524, C4. 

13525, C5. 



13526. 



13527. 



13529. 



13530. 



13531. 



13532. 

13533, C2. 

13534, C3. 



13535. 



13536. 

13537, C2. 

14514, C3. 



13538. 



13539. 

13540, C2. 



13541. 

13542, C2. 



13543. 



13544. 



13554. 



09465. 



10302. 



14666. 



14661. 



15149. 



22331. 



30951. 



10043. 



03358. 



03918. 

14553, C2. 



10299. 



13708. 

13709, C2. 



13710. 



13711. 



07326. 



16190. 



03359. 



01245. 

14547, C2. 



13932. 



13921. 



16215. 



27727. 



13712. 



13713. 



13714. 



13715. 

13716, C2. 



13717. 



13718. 



13719. 



13720. 



13721. 

13722, C2. 

03329, C3. 



07199. 



04364. 



04363. 



10049. 



30367. 



13749. 



13750. 



30751. 



13731. 



13732. 



13733. 



13734. 



13736. 



13735. 



01435. 

01434, C2. 



09163. 

07164, C2. 



07764. 

00127, C2. 

07763, C3. 



10410. 



01357. 



03920. 



13737. 



13738. 



13739. 



13740. 



13741. 



13742. 



13743. 



13744. 



13745. 



13746. 



13747. 



13748. 



02769. 



03213. 



13751. 



13752. 



13753. 



13754. 



13755. 



13756. 



13757. 



00953. 



10112. 



01354. 



03171. 



09158. 



03327. 



13758. 

13765, 

13762, C3. 



13759. 



13760. 

13761, C2. 



13763. 

13764, C2. 



10120. 



02706. 



02665. 



13766. 



13767. 

00460. 



04365. 



13768. 



13769. 



13770. 



13771. 

13772, C2. 

13773, C3. 



13774. 

00459, C2. 



13775. 



13776. 

13777, C2. 

13778, C3. 



13779. 

13780, C2. 

13781, C3. 

13782, C4. 

13786, C5. 



13783. 

13784, C2. 

13785, C3. 



13787. 



13788. 

13789, C2. 



13792. 

13793, C2. 



13794. 



13795. 

13796, C2. 



13797. 



13791. 



13798, VOLI. 

13799, VOLI, C2. 



13800. 



13801. 

13802, C2. 

13803, C3. 

02900, C4. 

33647, C5. 



02899. 



14519. 



14551. 



16855. 



21486. 



22325. 



22329. 



22327. 



22326. 



27695. 



30287. 



30322. 



30752. 



30757. 



30825. 



30845. 



30848. 



30940. 



30950. 



13723. 



13724. 



13725. 



02897. 

03214, C2. 



13726. 

13728, C2. 



13727. 



13729. 



13730. 



04336. 



22335. 



30756. 



30639. 



13597. 

13598, C2. 



13599. 

13600, C2. 

13601, C3. 



13691. 



13602. 



13603. 



13604. 



13605. 



13606. 



13607. 

13608, C2. 



13609. 



13610. 



13611. 



13612. 



13614. 



13613. 



13615. 



13616. 



13617. 



13619. 



13618. 



13621. 



13620. 



13622. 



10115. 



03208. 



32218. 



15736. 



10301. 



00954. 



10047. 



10116. 



13692. 



02039. 



10113. 



13693. 



14002. 



14516. 



16212. 



22451. 



30368. 



30846. 



03216. 



14545. 



14546. 



07812. 



07246. 



07245. 



07681. 



07684. 



07683. 



13804. 



13805. 



13806. 

13807, C2. 



13808. 



13809. 



13810. 



13811. 



13812. 



13813. 

13999, C2. 



13814. 



13815. 



13816. 



13817. 



13818. 



07702. 



01442. 



03199. 



03188. 



07418. 



07421. 



22333. 



21490. 



30366. 



30364. 



30365. 



30791. 



30847. 



30941. 



30942. 



00832. 



10317. 



03189. 



07676. 



03207. 



07191. 



13565. 



13566. 



13567. 



21488. 



22344. 



22340. 



22341. 



22348. 



09157. 



10244. 



10245. 



10246. 



10247. 



10248. 



10249. 



10250. 



10251. 



10124. 



04158. 

01759, C2. 



10123. 

04491, C2. 



10343. 



07330. 



10045. 



03176. 



03211. 



03361. 



04370. 



04478. 



04492. 



09155. 



13568. 

13569, C2. 

13570, C3. 



13571. 



13572. 



13573. 



13574. 



13575. 



13576. 

13577, C2. 



13578. 

13579, C2. 

13580, C3. 



13581. 

13582, C2. 



00296. 



13583. 

13584, C2. 

13585, C3. 

13586, C4. 



13587. 



13588. 



13589. 



13590. 



13591. 



13592. 



13593. 



13594. 



13595. 



13596. 



07419. 



13699. 



13700. 



04368. 



03191. 



14665. 



16211. 



32236. 



22358. 



22354. 



22328. 



20466. 

27385, C2. 



27696. 



27697. 



30286. 



30371. 



10344. 



22334. 



22350. 



22351. 



22349. 



22338. 



22346. 



07424. 



30285. 



30844. 



10327. 



01353. 



01781. 



09160. 



07328. 



03202. 

03201, C2. 



09470. 



03204. 

30929, C2. 



13557. 



13558. 



13559. 



13560. 



13561. 



13562. 



13563. 



00596. 



13564. 



03175. 



21491. 



01518. 



10483. 



10476. 



04479. 



07735. 



10507. 



10454. 



10422. 



10431. 

10432, C2. 



10437. 



10296. 



07203. 



07262. 



10613. 

10427, C2. 



10426. 



10614. 



01528. 



10425. 



10424. 



10430. 



03795. 



10433. 



10429. 

10428, C2. 



07219. 



10445. 



10972. 



10237. 



10234. 



10235. 



10236. 



10973. 



10717. 



01588. 



10500. 



10501. 



10502. 



03800. 

03801, C2. 

10505, C3. 



02760. 



02761. 



01583. 



10477. 



01499. 



03303. 



10478. 



04152. 



04393. 



10465. 



10468. 

10469, C2. 



07525. 



02008. 



01359. 



10479. 



10498. 



10467. 



02004. 



00464. 



10466. 



10440. 



06645. 



30272. 



10494. 



10463. 

10462, C2. 



11002. 



10448. 



10975. 



10485. 



10451. 



10486. 



10450. 



10488. 



10452. 



10456. 



10503. 



11003. 



10504. 



10490. 



10991. 



10487. 



13467. 



10453. 



10457. 



10647. 



10489. 



10646. 



10506. 



10455. 



10499. 



10480. 



10458. 



10977. 



00463. 



10990. 



07296. 



10983. 



10792. 



10443. 



10444. 



10439. 



10464. 

10461, C2. 



10438. 



10423. 



10435. 



03350. 



10421. 



01962. 



10472. 



10471. 



10441. 



10447. 



10495. 



10449. 



10989. 



10436. 



10491. 



11004. 



10493. 



10492. 



10497. 



10473. 



10496. 



10346. 



10474. 



10648. 



10459. 



10446. 



10581. 



10470. 



10482. 



10475. 



10420. 



10481. 



27630. 



21498. 



22450. 



30780. 



10576, C1. 

10592, C2. 

10593, C3. 

10594, C4. 



04166. 



10582. 



10583. 



10584. 



10602, C1. 

10603, C3. 



10587, C1. 

10586, C2. 

10585, C3. 



10598, C1. 

10597, C2. 



10604, C1. 

10605, C2. 



10600, C1. 

10601, C2. 

10599, C3. 



10611. 



10607, C1. 

10606, C2. 

10608, C3. 



10621. 



10974. 



10998. 



10616. 



00291. 



09152. 



04169. 



10618. 



10590. 



10591. 



04489. 



10617. 



10589. 

10442, C2. 



10596. 

10595, C2. 



10619. 



02013. 



10609. 

10610, C2. 



10588. 



10622. 



10612. 

16222, C2. 



10615. 



10775. 

10774, C2. 



30630. 



30964. 



10538. 



10526. 

10525, C2. 



10727. 



10527. 



10529. 

10528, C2. 



10534. 

10533, C2. 

10535, C3. 

10536, C4. 



10530. 

10537, C2. 



10532. 

10531, C2. 



10322. 



10634. 



10635. 



10630. 

10629, C2. 

10631, C3. 



10623. 

10624, C2. 



10625. 

10626, C2. 

10628, C3. 

10627, C4. 



10637. 

10638, C2. 

10640, C3. 

10639, C4. 

10636, C5. 



10632. 

10633, C2. 



10641. 



10642. 



03319. 



10645. 



02003. 



10643. 



07335. 



01360. 



10865. 



10866. 

10864, C2. 



10884. 

10883, C2. 



10893. 



10863. 



10880. 



00290. 



10871. 

10870, C2. 



10888. 

10861, C2. 



10882. 



10874. 



10881. 



10877. 

10876, C2. 



10873. 

10872, C2. 



10879. 



10878. 



10869. 

10909, C2. 

10908, C3. 



10867. 

10868, C2. 



10895. 



10905. 

10862, C2. 



10896. 



07786. 



10980. 

32810, C2. 



10875. 



10885. 



10894. 



15135. 



15137. 



15140. 



15144. 



00293. 

01386, C2. 

10912, C3. 

04144, C4. 



04145. 

03343, C2. 

10913, C3. 



10907. 



00283. 



09156. 



10911. 



10910. 



10906. 



10898. 



02001. 



02896. 



01344. 



10985. 



10986. 



10899. 



10897. 



09153. 



10900. 



10904. 



10903. 



10901. 



10914. 



10902. 



22504. 



30300. 



30329. 



10793. 



15141. 



10966. 



30813. 



30814. 



30815. 



30838. 



30778. 



30779. 



30786. 



03344. 



10926. 



10920, C1. 

10922, C2. 

10921, C3. 

10923, C4. 



04351, C1. 

10932, C2. 



10315, C1. 

10929, C2. 

10928, C3. 

10931, C4. 

10930, C5. 



10927. 



10916. 

10915, C2. 



04157, C1. 

01787, C2. 



10933. 



30810. 



10924. 



10925. 



10125. 



01582. 

03339, C2. 



10918. 

10917, C2. 

10919, C3. 



00288. 



01389. 



01617. 

01616, C2. 

00285, C3. 

01618, C4. 



30301. 



30812. 

35841, C2. 



04391. 



09154. 



10275. 



10298. 



11007. 



01586. 



02009. 



04366. 



15139. 



15138. 



16185. 



16182. 



16209. 



20467. 



21461. 



21494. 



22449. 



27703. 



30785. 



30328. 



30783. 



01602. 



10563. 



04151, C1. 

10571, C2. 

10620, C3. 



04170. 



10565. 



10572. 



10561. 

10557, C2. 



10556. 

10568, C2. 

10555, C3. 



10574. 

10573, C2. 



10567. 



03337. 

03334, C2. 



10566. 



04167. 



03336. 



02002. 



10564, V2. 



10552. 



10554. 

10558, C2. 

07783, C3. 



10562. 



10553. 



10559. 

10560, C2. 

10575, C3. 



10578. 



10577. 



30784. 



10545. 

10546, C2. 



10548. 



03335. 

04140, C2. 

10547, C3. 



10543. 



10540. 



10541. 



03318. 

03346, C2. 



10569. 

10570, C2. 



10550. 



10542. 



03323. 



10544. 



10549. 



10539. 



10551. 



15733. 



30571. 



30816. 



30925. 



10689. 

10688, C2. 

10686, C3. 



10687. 



04162. 



10677. 

10678, C2. 

01610, C3. 

01609, C4. 



10685. 



10694. 



04150. 



10696. 



01589. 

10680, C2. 

10679, C3. 



00289. 



10683. 



10699. 



10702. 

10682, C2. 



10690. 



30570. 

30926, C2. 



03345. 

04149, C2. 



10684. 



10693. 



10695, V1. 

10700, C2. 

10886, C3. 

01754, C4. 

10692, C5. 



10701. 



10697, V2. 



10698. 



01584. 



04163. 



11174. 



07204. 



10691. 



10681. 



11295. 



30777. 



10657. 



03351. 



10669. 

10668, C2. 



10659. 



10667. 



10661. 



10666. 



10660. 



10656. 



04486. 



10650. 



10670. 



01450. 



10652. 



10651. 

10649, C2. 



10674. 



07336. 



00292. 



10653. 

10654, C2. 

10655, C3. 



10663. 



10665. 



10730. 



10662. 



10671. 



10664. 



10675. 



10673. 



10328. 



10658. 



10676. 



10672. 



16184. 



30324. 



30327. 



30569. 

30928, C2. 



07331. 



10722. 



04141. 



10707. 



10711. 

10713, C2. 



04142. 

09151, C2. 



10993. 

10724, C2. 



11001. 

10995. 



10703. 

10704, C2. 



00594. 

10709, C2. 



10710. 

10708, C2. 



04487. 

04155, C2. 



12406. 

12405, C2. 

10996, C3. 



10728. 



10706. 



10723. 



10716. 

10715, C2. 

10714, C3. 

10712, C4. 



10731. 



07457. 



10979. 



10705. 



10720. 



10719. 

10718, C2. 



03349. 



01961. 



10725. 

10726, C2. 



02012, V1. 



10729. 



10721. 



11000. 



30568. 

30927, C2. 



30781. 



10937. 

10935, C2. 



03347. 



10960. 



10936. 

10934, C2. 



04395. 



10955. 



04485. 



10959. 



04392. 



10969. 



09416. 



10963. 



21495. 



10957. 



02011. 



04159. 



07340. 



01507. 



01782. 



10321. 



10962. 



03341. 

30675, C2. 



14699. 



03340. 



10852. 



10946. 

10947, C2. 



14698. 

 



04494. 



10948. 



10949. 



10942. 



10943. 



10941. 

10940, C2. 



10944. 

14671, C2. 

10945, C3. 



10231. 



10814. 



10954. 



10964. 



10892. 



10938. 

10939, C2. 



27702. 



16297. 



10978. 



01451. 



10967. 



10807. 



10800. 



11972. 



10953. 



04161. 



11171. 



10971. 



10970. 



27628. 



10958. 



03338. 



10956. 



03348. 



30299. 



30839. 



31016. 



10889. 



07337. 

03321, C2. 



00294. 



04160. 



00466. 

10345, C2. 



10846. 



10797. 

10796, C2. 

10950, C3. 

10951, C4. 



10952. 



10813. 



10961. 



10859. 



10965. 



20445. 



10805. 



10848. 



04264. 

03342, C2. 



10825. 

10826, C2. 



14737. 



10834. 



10841. 



10748. 

10747, C2. 



10832. 



10831. 

10811, C2. 

10984, C3. 



10854. 



30963. 



30811. 



10833. 



04165. 



14697. 



10976. 



07458. 



14696. 



10828. 

10827, C2. 



10808. 



10801. 



07339. 



10126. 



12402. 

10821, C2. 

10822, C3. 

10820, C4. 



10802. 



10818. 



10836. 

10835, C2. 



10823. 

10824, C2. 



10837. 



10803. 



10816. 

10817, C2. 

10815, C3. 



10845. 



10850. 



10849. 



10810. 



14670. 



10829. 

10830, C2. 



10799. 



10858. 



10806. 



16199. 



10842. 



10839. 



10856. 



10844. 



10847. 



01436. 



10819. 



10840. 



07455. 



04156. 



10891. 



10890. 



10798. 



10860. 



04394. 



10794. 

10795, C2. 



10232. 



00465. 



03322. 



10838. 



10851. 



07334. 



10887. 



10857. 



30338. 



04147. 



20444. 



07784. 



10855. 



10300. 



03352. 



22487. 



07459. 



02007. 



04490. 



02773. 



10804. 



01506. 



04148. 



10809. 



11170. 



03320. 



30340. 



07192. 



10812. 



07811. 

21505, C2. 



10843. 



00298. 



04146. 



21497. 



16198. 



07785. 



27706. 



10853. 



22360. 



30809. 



31011. 



31013. 



31014. 



10781. 



00295. 



10778. 



10777. 



10767. 

10756, C2. 

10757, C3. 



10780. 



10782. 



10783. 



10784. 



10787. 



10776. 



10755. 



10753. 

10750, C2. 



10749. 

10752, C2. 



10754. 

10751, C2. 



10326. 



10760. 



10789. 



10790. 



10772. 



10773. 



10770. 

10771, C2. 



04480. 



10759. 

10758, C2. 



10762. 



10742. 



10743. 



02732. 



16203. 



10791. 



10761. 



30325. 



10746. 

10745, C2. 



10233. 



04352. 



10769. 

10768, C2. 



10764. 

10763, C2. 



00284. 



10765. 

10766, C2. 



10744. 



16202. 

10122, C2. 



00286. 



10741. 



10788. 



30930. 



31002. 



31008. 



10738. 



10736. 



10740. 



10735. 

10734, C2. 

10733, C3. 



10739. 



10737. 



04369. 



11382. 

11381, C2. 



04139. 



11410. 



04153. 

11006, C2. 



04143. 



10347. 



10786. 



04164. 



11005. 



04154. 



16210. 



22809. 



04168. 



30923. 



31010. 



10516. 



10521. 



00287. 



13433. 



02006. 



03353. 



10522. 



10517. 



10524. 

10523, C2. 



10580. 

10579, C2. 



10520. 



10981. 



10518. 



10519. 



00282. 



04450. 



10324. 



10968. 



07782. 



10515. 



01587. 



11172. 



10511. 

10509, C2. 

10512, C3. 

10508, C4. 

10510, C5. 

10513. 



10514. 



32238. 



27701. 



27700. 



03135. 

00462, C2. 



10999. 



30326. 



09150. 



10297. 



01455. 

10982, C2. 



30782. 



30787. 



31097. 



31090. 



31098. 



31093. 



31096. 



31092. 



31094. 



31095. 



31064. 



31070. 



31065. 



31066. 



31067. 



31068. 



31091. 



11243. 



11240. 



11244. 



11241. 



11248. 



11259. 



11260. 



11257. 



11262. 



11256. 



02901. 



11261. 



11254. 



11255. 



01620. 



11258. 



01337. 



11246. 



11528. 



11245. 



09174. 



11249. 



11242. 



11247. 



21462. 



30776. 



11236. 



11222. 



11235. 



11231. 

11230, C2. 



11237. 



11239. 



01603. 



11238. 



11234. 



11227. 

11229, C2. 

11228, C3. 



11226. 

11225, C2. 



11223. 

11224, C2. 



11233. 



16204. 



16197. 



11250. 



11251. 



11253. 



11252. 



02033. 



11232. 



30331. 



30330. 



30761. 



11020. 



11022. 



11030. 



11015. 



03384. 



02038. 



04453, VOL-1. 



04454, VOL-2. 



04455, VOL-3. 



04456, VOL-4. 



04457, VOL-5. 



04458, VOL-6. 



11221. 

11019, C2. 



11017. 



11018. 



11014. 



11012. 



11009. 



11011. 



11010. 



11008. 



11042. 



16862. 



14669. 



02029. 

02027, C2. 

02030, C3. 

01571, C4. 

01570, C5. 



02028. 



04284. 

01569, C2. 



11036. 



11037. 



07428. 



11031. 



11023. 



02023. 



11032. 

11033, C2. 



02836. 



02031. 

02032, C2. 



11035. 



11034. 



10066, VOL-2. 



11013. 



04289. 



31110. 



31112. 



31111. 



31103. 



31104. 



31105. 



31106. 



31107. 



31108. 



31109. 



11024. 



11028. 

11027, C2. 

11029, C3. 

11026, C4. 



11025. 



11044. 

11046, C2. 



11038. 



11041. 

11040, C2. 



10381. 



11039. 



11045. 



11021. 



04376. 



11043. 



16216. 



16224. 



22361. 



30762. 



31003. 



31147. 



31145. 



31146. 



31148. 



31150. 



31149. 



31144. 



31118. 



31114. 



31115. 



31151. 



31152. 



31154. 



31155. 



31157. 



31156. 



31153. 



31158. 



31171. 



31119. 



31128. 



31129. 



31130. 



31131. 



31162. 



31113. 



31116. 



31117. 



31160. 



31159. 



31143. 



31161. 



31176. 



31177. 



31166. 



31167. 



31175. 



11267. 



01597. 



04291. 



05717. 



05716. 



03494. 



01594. 



11263. 



11264. 



11266. 



01593. 



03496. 



04294. 



04461. 



01592. 



03495. 



04448. 

04449, C2. 



04446. 



11268. 



11265. 



01596. 



16865. 



15732. 



22812. 



11274. 



11269. 



11270. 



11273. 



11272. 



11271. 



07426. 



31012. 



11364, VOL-I. 



11365, VOL-2. 



11366, VOL-3. 



11367, VOL-4. 



11368, VOL-5. 



11369, VOL-6. 



11370, VOL-7. 



11376. 



10987. 



10383. 



11378. 



10384. 



11379. 



11377. 



11380. 



04290. 



11529. 



11371, VOL-9. 



11372, V0L-10. 



11373. OL-11. 



11374, VOL-12. 



11375, VOL-13. 



01591. 



01517. 



11424. 



11420. 



11421. 



11422. 



11423. 



01601. 



09432. 



03367. 



11411. 



11401. 



11398. 



11409. 



02000. 



11399. 



11415. 



11407. 



11414. 



11408. 



11384. 

11383, C2. 



11416. 



11402. 



01340. 



11385, VOL-1. 



11387, VOL-2. 



11386. 



11395. 



11405. 



11393. 



11390. 



11392. 



11389. 



11417. 



11406. 



11400. 



11388. 



11394. 



11391. 



11412. 



12401. 



11404. 



11396. 

11397, C2. 



11413. 



11403. 



01605. 



01600. 



22808. 



31004. 



01621. 

10336, C2. 



07338. 



11279. 



01390. 



01005. 

02026, C2. 

01006, C3. 



01538. 



04377. 



02762. 



10994. 



01599. 



11281. 



11276. 



02759. 



11280. 



11278. 



04373. 

16221, C2. 



11277. 



10064. 



04286. 



04374. 



01387. 



11275. 



16219. 



21504. 



21506. 



21464. 



21463. 



30636. 

30637, C2. 



30841. 



30842. 



30760. 



31006. 



31009. 



31165. 



30341. 



07430. 



11288. 



11287. 



11284. 



11286. 



02768. 



11292. 



11285. 



11294. 



11293. 



11291. 



11296. 



11297. 



11290. 



11282. 



11283. 



11289. 



22489. 



27705. 



32239. 



02014. 



11302. 



11299. 

11298, C2. 



04452. 



11300. 



10330. 



01604. 



11301. 



02010. 



11418. 



11419. 



31204. 

31205, C2. 



11206. 



11181. 



04460. 



11186. 

11185, C2. 

11184, C3. 

11183, C4. 



10732. 

11175, C2. 



11176. 

11177, C2. 



11180. 



11179. 

11178, C2. 



11182. 



14648. 



04459. 



11354. 



11316. 



11308. 



11330. 



11309. 



11347. 



11329. 



11320. 



02035. 

02036, C2. 



11321. 



11307. 



11304. 



11303. 



11322. 



11324. 



11306. 

11305, C2. 



11355. 



11317. 

11318, C2. 



11351. 



11315. 



07431. 



11323. 



16218. 



16220. 



11349. 



11348. 



02684. 



11331. 



11319. 



11342. 



11335. 



11338. 



11361. 



11310. 



11311. 



11313. 



11346. 



11341. 



11312. 



02744. 



11353. 



02742. 



11357. 



11350. 



11340. 



11343. 



11358. 



11334. 



11344. 



11345. 



07205. 



04462. 



11336. 

11337, C2. 



11360. 



11359. 



11339. 



11352. 



11356. 



11325. 



01566. 



11314. 



11326. 



10329. 



11327. 

11328, C2. 



21493. 



21499. 



21500. 



31005. 



31198. 



31199. 



31200. 



31201. 



11332. 

11333, C2. 



11141. 



11363. 



11362. 



02025. 



07427. 



02851. 



04292. 



04295. 

01999, C2. 



01503. 



04493. 



04293. 



21502. 



32220. 



30339. 



11220. 



10127. 



07429. 



11197. 

11198, C2. 



04451. 



04262. 



11208. 



11195. 



11194. 

11193, C2. 



03193. 



03357. 



11190. 



11191. 



04296. 

11192, C2. 



11209. 



11187. 



11188. 



11212. 



07556. 



11200. 



11199. 



11219. 



11210. 



11211. 



11189. 



11204, VOL-1. 



11205, VOL-2. 



03192. 



14647. 



11202. 



11217. 

14668, C2. 



11196. 



11213. 



11215. 



11214. 



11203 



11207. 



11216. 



11218. 



11201. 



10382. 



14667. 



16864. 



21503. 



30774. 



27629. 



11118. 



09434. 



31219. 



31202. 

31203, C2. 



31222. 



31179. 



31221. 



31220. 



31239. 



31240. 

34325, C2. 



31241. 



31223. 



31234. 



31232. 



31231. 



31233. 



11112. 



11114. 



11107. 



11104. 

11103, C2. 



11105. 



11113. 



11106. 



07456. 



11111. 

11110, C2. 

11109, C3. 

11108, C4. 



11116. 



01501. 



09433. 



11115. 



11117. 



03386. 



02605. 



22362. 



22488. 



27704. 



10323. 



10325. 



04367. 



10779. 



10785. 



14695. 



07327. 



30629. 



30773. 

15136, C2. 



30775. 



30840. 



30965, VOL-1. 



30970, VOL-2. 



30971. 



30972. 



30982. 



31242. 



31244. 



31243. 



31237. 



31252. 



31235. 



11150. 



11156. 



11154. 



11165. 



11142. 



11144. 



11166. 



07206. 



11155. 



11120. 



02685. 



11168. 

11169, C2. 



11145. 



11153. 



11140. 



11157. 



12400. 



11984. 



04288. 



11158. 



11146. 



11147. 



11148. 



11149. 



11162. 



11143. 



11164. 



11161. 



11167. 



11151. 



11152. 



21501. 



31230. 



31225. 



31226. 



31224. 



31227. 



31228. 



31229. 



11159. 



11132. 



11163. 



11133. 



11134. 



11135. 



11126. 



11127. 



11121. 



11122. 



11124. 



11160. 



11125. 



11137. 



01338. 



11128. 



11129. 



02707. 



09176. 

04348, C2. 

11119, C3. 



11130. 



11131. 



04263. 



01339. 



04287. 



07432. 



01998. 



11136. 



11139. 



11123. 



07259. 



04375. 



16200. 



20443. 



22823. 



29990. 



31007. 



31238. 



10065. 



11051. 

11050, C2. 

11053, C3. 

11049, C5. 

11052, C4. 



04281. 

04282, C2. 



01567. 

11082, C2. 



11078. 

11077, C2. 



11083. 



11072. 

11071, C2. 



11084. 



11074. 

11073, C2. 



11076. 

11075, C2. 



11070. 



11173. 



02017. 



11091. 



01564. 

02019, C2. 

01565, C3. 

01563, C4. 



01557. 



02021. 



11089. 



01561. 

01562, C2. 



11090. 



02015. 

01555, 



01556. 

02018, C2. 



22810. 



02022. 

01559, C2. 

02016, C3. 



11088. 



11092. 

11093, C2. 



01560. 



02020. 



03497. 



10385. 



02037. 



11065. 



11079. 



07425. 



04283. 



01568. 



02024. 



04447. 



11085. 



11081. 



11068. 



11094. 



11100, VOL-5. 

11101, VOL-5., C2. 



11102, VOL-6. 



09175. 



09173. 



11086. 



11087. 



11066. 



11080. 



16201. 



16217. 



16223. 



11062. 



11069. 



11064. 



11054. 



11061. 



10331. 



11099. 

11098, C2. 



11056. 



11057. 



11058. 



11059. 



11060. 



11047. 

11048, C2. 



11096. 



11097. 

16863, C2. 



11063. 



11067. 



11055. 



11095. 



30763. 



31236. 



11446. 



11429. 



11425. 



10997. 



10460. 



11445. 



11453. 



11482. 



11481. 



11476. 



11442. 

11443, C2. 



11484. 



04445. 



10067. 



11461. 



11456. 



11460. 



11426. 



10068. 



11455. 



11444. 



11504. 



11483. 



11480. 



11495. 



04285. 



11472. 



11454. 



11505. 



02686. 



11433. 



11469. 



11478. 

11477, C2. 



11457. 



11432. 



11470. 



11431. 



11458. 



11471. 



11462. 



11494. 



11463. 



11468. 



11430. 



11467. 



11464. 



11451. 



11450. 



11474. 



11466. 

11465, C2. 



11479. 



11473. 



11475. 



11434. 

11437, C2. 



11435. 

11436, C2. 



11499. 



11427. 



04463. 



11439. 



11502. 



11498. 



11496. 



11452. 



11459. 



11501. 



11497. 



11500. 



11428. 



11440, VOL-1. 



11441, VOL-2. 



11447. 



11448. 



11493. 



10484. 



16205. 



11489. 



03725. 



12433. 



11485. 



10434. 



11503. 



11486. 



11487. 

10988, C2. 

11488, C3. 



11491. 



11490. 



11492. 



11449. 



09406. 



11438. 



30633. 



30634. 

30635, C2. 



30303. 



02034. 



11524. 



11516. 



11527. 



11537. 



11526. 



11518. 



11520. 

11519, C2. 



11507. 



11510. 



11512. 



11508. 



11506. 



11514. 

11515, C2. 



11525. 



11509. 



11533. 



11532. 



11530. 



11540. 



11542. 



11539. 



11541. 



11538. 



11535. 



11531. 



11534. 



11513. 



11517. 



11536. 



11522. 



11523. 



11016. 



11511. 



30515. 



30514. 



30516. 



30517. 



11544. 



11545. 



11546. 



11547. 



11550. 



11553. 



11556. 



11559. 



11562. 



11565. 



03572. 



03571. 



03570. 



03569. 



03568. 



03567. 



03566. 



03565. 



03564. 



03562. 

03561, C2. 



03559. 

03560, C2. 



03557. 



03556. 



03554; 03553, C2. 



03555. 



03595. 



03596. 



03597. 



03598. 



03599. 



03600. 

03601, C2. 



03604. 



03602. 



03603. 



03605. 



03606. 



03607. 



03608. 



03609. 



03610. 



03611. 



03593. 



03592. 



03591. 



03590. 



03589. 



03588. 



03587. 



03586. 



03585. 



03584. 



03582. 



03581. 



03580. 



03579. 



03577. 



03594. 



03578. 



03563. 



03558. 



03576. 



03575. 



11543. 



03574. 



03573. 



03613. 



03583. 



04896. 



31253. 



31256. 



31254. 



23653. 



22832. 



23654. 



23655. 



23656. 



23657. 



23658. 



23659. 



23660. 



23661. 



23662. 



23663. 



23664. 



23665. 



23666. 



23667. 



23668. 



23669. 



23670. 



23671. 



23672. 



23673. 



23674. 



23675. 



23676. 



23677. 



23678. 



23679. 



23680. 



23681. 



23682. 



23683. 



23684. 



23685. 



23686. 



23687. 



23688. 



23689. 



23690. 



23691. 



23692. 



23693. 



23694. 



23750. 



23695. 



23696. 



23697. 



23698. 



23699. 



23700. 



22806. 



31271. 



31272. 



31273. 



31274. 



31277. 



31279. 



31282. 



31286. 



31285. 



31284. 



31275. 



31276. 



31278. 



31283. 



31280. 



31287. 



31289. 



23701. 



23702. 



23703. 



23704. 



23705. 



23706. 



23716. 



23752. 



23708. 



13363. 



23709. 



23710. 



23711. 



23712. 



23713. 



23714. 



23715. 



23717. 



23718. 



23719. 



23720. 



23721. 



23722. 



23723. 



14672. 



23724. 



23725. 



23726. 



23727. 



23791, VOL-3. 



23728. 



23729, VOL-2. 



23730. 



23731. 



23732. 



23733. 



23734. 



23735. 



23736. 



23707. 



23737. 



23738. 



23739. 



23740. 



23741. 



23742. 



23743. 



23744. 



23745. 



23746, VOL-2. 



23747. 



23748. 



31294. 



31293. 



31291. 



31292. 



07558. 



07553. 



07555. 



23749. 



07545. 



07542. 



23751. 

23753, C1. 



07548. 



23754. 



07464. 



23755. 



23756. 



23757. 



23758. 



23759. 



23760. 



23762. 



23761. 



23763. 



23764. 



23765. 



23766. 



23767. 



23768. 



07559. 



23769. 



23770. 



23771. 



23772. 



23773. 



23774. 



23775. 



23776. 



23777. 



23778. 



23779. 



23780. 



23781. 



23782. 



23783. 



23784. 



23785. 



23786. 



23787. 



23788. 



07554. 



23789. 



23790. 



31303. 



31302. 



31304. 



31255. 



00384. 



30661. 



30662. 



30657. 

00219, C2. 



02236. 



02286. 

07666, C2. 



01292. 



01279. 

00553, C2. 

01734, C3. 



01280. 



00416. 



02359. 



31335. 



31344. 



31341. 



31345. 



31342. 



31343. 



00025. 



01870. 

00024, C2. 



00028. 



00026. 



09462. 



03741. 



22751. 

31250, C2. 



22768. 



22776. 

22777, C2. 

22778, C3. 



22763. 



22767. 



22782. 



22769, PART-1. 



22770, PART-2. 



22765. 



30449. 

37947, C2. 



30658. 



30670. 



30684. 



30685. 



30687. 



30686. 



30688. 



30683. 



00012. 



00056. 

00057, C2. 

00058, C3. 

15817, C4. 



00054. 

00055, C2. 



10390. 

03807, C2. 



04031. 

04032, C2. 



00010. 

00009, C2. 

00008, C3. 



10391. 

10392, C2. 



15816. 



00011. 



00035. 



00044. 



22779. 



22772. 



22780. 

22781, C2. 



29860. 



29861. 



29908. 

22758, C2. 



29915. 

29916, C2. 



29917. 



29919. 

00023, C2. 



29925. 



29926. 

30447, C2. 



29928. 

29929, C2. 



29931. 



30255. 



30453. 

30454, C2. 



30646. 



30647. 



30645. 



30644. 



30643. 



30656. 



30659. 



30729. 

30730, C2. 



31032. 

31033, C2. 



31036. 



31206. 



31044. 



31040. 



00193. 

00196, C2. 

00194, C3. 

00274, C4. 



00722. 

00198, C2. 



15822. 



07157. 



00195. 



00201. 



00204. 



00202. 



03738. 



00203. 



00205. 

00206, C2, PART-3. 



00340. 



00207. 



02299. 



00197. 



00199. 



00221. 



00222. 

00223, C2. 



00224. 

00225, C2. 

00227, C3. 

02247, C4. 



00229. 

00228, C2. 

00226, C3. 



00232. 

00230, C2. 

00231, C3. 



00234. 

06016, C2. 

15821, C3. 

00235, C4. 

00233, C5. 



00236. 

00237, C2. 



00238. 

00239, C2. 



00240. 

00241, C2. 

31347, C3. 



00242. 



30450. 

04415, C2. 



31346. 



00092. 

00087, C2, 

00096, C3. 

00091, C4. 

00089, C5, 

00095, C6. 

00093, C7. 

00088, C8. 

00094, C9. 

00090, C10. 



00075. 



00159. 

00160, C2. 

00156, C3. 

00157, C4. 

00164, C5. 

00161, C6. 

00165, C7. 

00158, C8. 



00163, C9. 

00162, C10. 

00166, C11. 

00167, C12. 

00168, C13. 



00064. 

00065, C2. 

00066, C3. 

00067, C4. 



00099. 

00100, C2. 

00098, C3. 

02360, C4. 

00103, C5. 

00102, C6. 

00101, C7. 

00097, C8. 

00104, C9. 



00072. 

00068, C2. 

00071, C3. 

00070, 4. 

00073, C5. 

00074, C6. 

00069, C7. 

02502, C8. 



00086. 

00077, C2. 

00078, C3. 

00079, C4. 

00076, C5. 

00081, C6. 

00084, C7. 

00082, C8. 

00085, C9. 

00080, C10. 

00083, C11. 



00171. 

00246, C2. 

00172, C3. 

30451, C4. 



00107. 

00109, C2. 

00105, C3. 

00108, C4. 

00182, C5. 

00106, C6. 



00153. 

00146, C2. 

00150, C3. 

14624, C4. 

00151, C5. 

00147, C6. 

00152, C7. 

00154, C8. 

00155, C9. 

00149, C10. 



01278. 



07662. 



00111. 

00113, C2. 

00114, C3. 

00112, C4. 

00110, C5. 



00169. 

01858, C2. 

07156, C3. 

00170, C4. 



22759. 

34570. 



30655. 



00404. 



00447. 

00446, C2. 

00448, C3. 

05883, C4. 

00445, C5. 

07749, C6. 

14625, C7. 



00453. 

00450, C2. 

00451, C3. 

00449, C4. 

00452, C5. 



00487. 

00486, C2. 

00489, C3. 

00490, C4. 

00488, C5. 

29905, C6. 



00493. 

00494, C2. 

00491, C3. 

00492, C4. 

00495, C5. 



00497. 

00499, C2. 

00500, C3. 

00496, C4. 

00498, C5. 



00501. 

00504, C2. 

00502, C3. 

00505, C4. 

29930, C5. 

00503, C6. 



00507. 

00508, C2. 

00506, C3. 



00510. 

02372, C2. 

00512, C3. 

00511, C4. 

00509, C5. 



00515. 

00513, C2. 

00514, C3. 

02301, C4. 



02314. 

00516, C2. 

02303, C3. 

00517, C4. 



00519. 

00518, C2. 



22755. 



29914. 

30654, C2. 



29924. 



00176. 

00173, C2. 

00174, C3. 

00175, C4. 



00305. 



22774. 

22775, C2. 

22773, C3. 



22757. 



29909. 



30651. 



30674. 



30731. 



31030. 



31028. 



07657. 



02300. 



15823. 

00548, C2. 



01770. 

01771, C2. 



00530. 



00533. 

00534, C2. 

00532, C3. 



01742. 



02254. 



00536. 

07153, C2. 

00538, C3. 



02374. 

00521, C2. 

00520, C3. 

00522, C4. 



00524. 

00523, C2. 



00535. 

00525, C2. 



00526. 



07608. 



00544. 

00545, C2. 

00543, C3. 



00542. 

07443, C2. 



00541. 

00539, C2. 

00540, C3. 



00531. 



00537. 



00529. 



29895. 



00528. 



00527. 



21521. 



34393. 



00043. 

00042, C2. 

02302, C3. 



10396. 

07673, C2. 



00395. 

00394, C2. 



00391. 

00393, C2. 

00390, C3. 

00392, C4. 



00276. 



00551. 



00345. 

01285, C2. 



00344. 



07461. 



01863. 



00036. 



00413. 



00559. 



07468. 



01291. 



00381. 



00033. 



00555. 



01080. 

29918, C2. 



31041. 



00051. 



00210. 

00211, C2. 

02304, C3. 

31872, C4. 



00368. 

00369, C2. 

00371, C3. 



00402. 

00403, C2. 

29904, C3. 



29910. 



22764. 



29913. 

31034, C2. 



00244. 



22762. 



30734. 



00037. 



00215. 



00245. 



02404. 



00349. 



00347. 



00348. 



00317. 



00410. 

14643, C2. 



00346. 



30663. 



31025. 



01289. 



30448. 

29893, C2. 



31035. 



00334. 

00333, C2. 

00332, C3. 



00356. 

00357, C2. 

00560, C3. 



00280. 



00372. 

00375, C2. 

00376, C3. 

00377, C4. 

00378, C5. 

00379, C6. 

00373, C7. 

00374, C8. 



00179. 



00409. 



01282. 

34586, C2. 



00370. 



07660. 

00331, C2. 



00330. 



07659. 



22753. 



07663. 



29900. 

29902, C2. 

29901, C3. 



03717. 

03708, C2. 

03750, C3. 



31039. 



00213. 



00444. 



00414. 



00556. 

29920, C2. 



00550. 



00007. 

00004, C2. 

00005, C3. 

00006, C4. 



00268. 

00269, C2. 

00270, C3. 

00272, C4. 

30141, C5. 

00271, C6. 



00258. 

02296, C2. 



00301. 

00302, C2. 

00303, C3. 

00300, C4. 



00063. 

00062, C2. 



00318. 

00319, C2. 



07463. 



22760. 



03804. 



00052. 

00053, C2. 



00273. 



02293. 



00352. 

00353, C2. 

00354, C3. 

00412, C4. 

00557, C5. 

00558, C6. 

00355, C7. 



30660. 

00387, C2. 

03452, C3. 

01288, C4. 

00180, C5. 

00342, C6. 



02306. 



00336. 



00214. 



22754. 



22752. 



22761. 



29911. 



03688. 



29897. 



29903. 



00220. 

02298, C2. 



03748. 

29907, C2. 



00243. 



30548. 



10084. 



00399. 



00329. 



00361. 

00362, C2. 



30435. 

30436, C2. 



00366. 



00367. 



00365. 



07452. 

09418, C2. 

07667, C3. 

07158, C4. 



09463. 



00363. 



00364. 



00216. 



03442. 



07661. 



00407. 



29898. 



30664. 



00351. 

07151, C2. 



00411. 

01281, C2. 



02309. 



02654. 



00401. 



03810. 



10082. 



03430. 



00341. 

02297, C2. 



01277. 



01853. 

02312, C2. 



02652. 

00299, C2. 



00358. 

00359, C2. 

00178, C3. 

00360, C4. 

02310, C5. 



00275. 



00337. 



03812. 



00212. 



00397. 

00398, C2. 

01081, C3. 



07665. 



03749. 



00380. 



00343. 



22756. 



00032. 

00339, C2. 



29892. 



30642. 



00306. 



31043. 



01082. 

02355, C2. 

02354, C3. 



22766. 



03450. 



29894. 



29922. 



00247. 

00248, C2. 



00030. 



00277. 

00279, C2. 

00278, C3. 

00217, C4. 

00218, C5. 

30652, C6. 



00256. 

07751, C2. 

07664, C3. 

31245, C4. 

31251, C5. 



02313. 



30640. 



00323. 

09425, C2. 

00324, C3. 

00320, C4. 

00321, C5. 

00322, C6. 



02295. 

00328, C2. 



00259. 

00260, C2. 

00261, C3. 

02308, C4. 



00326. 

00327, C2. 

16071, C3. 



30653. 



00060. 

00061, C2. 



07658. 



31079. 



31031. 



29906. 



30649. 

31718, C2. 



00338. 



00022. 



03808. 

03809, C2. 



00266. 



00267. 



03811. 



21522. 



00304. 



07154. 



00262. 

00265, C2. 

00264, C3. 

02305, C4. 

00263, C5. 



00389. 

02294, C2. 



00547. 



03519. 



10086. 



00181. 



00183. 



00184. 



00185. 



00186. 



00187. 



15820. 



00027. 



00257. 



01283. 



03370. 



01714. 



07152. 



01778. 

31358, C2. 

31359, C3. 



00281. 



00059. 

01286, C2. 

07750, C3. 



00325. 

29607, C2. 



07155. 



03805. 

03806, C2. 



01287. 

31348, C2. 

34587, C3. 



30650. 



30553. 



31027. 

31249, C2. 



31037. 



31038. 



31178. 



29896. 



29899. 



29921. 



29923. 



30554. 



00017. 



00018. 



00038. 



00045. 



00049. 



31248. 



29927. 



31354. 

31514, C2. 

31042, C3. 



31350. 



31352. 



31349. 



31351. 



31353. 



31356. 



31357. 



34382. 



00016. 



31360. 



31391. 



31392. 



31393. 



31394. 



31395. 



31396. 



31397. 



31398. 



31399. 



31368. 



31370. 



31369. 



31380. 



31376. 



31371. 



31372. 



31373. 



31381. 



31382. 



31377. 



31375. 



31374. 



31378. 



31379. 



31383. 



31364. 



31365. 



31363. 



31361. 



31362. 



31400. 



01574. 



15098. 



15099. 



15100. 



15101. 



15103. 



15102. 



15104. 



07318. 



04532. 



15105. 



03505. 



01987. 



15106. 



15107. 



15108. 



15109. 



15110. 



15112. 



15111. 



15113. 



15114. 



02358. 



16834. 



16833. 



16835. 



16836. 



16837. 



27682. 



22838. 



30504. 



30574. 



30575. 



30576. 



30577. 



30578. 



30823. 



30865. 



31281. 



02576. 



01864. 



10023. 



14267. 



14268. 



14319. 

14320, C2. 



14322. 



14323. 


