
14321. 



33092. 



14326. 



14327. 



14324. 



14328. 



14329. 



14330. 



14331. 



14332. 

14333, C2. 

14334, C3. 



14335. 



14336. 

14339, C2. 



14337. 

14338, C2. 



14340. 

14341, C2. 



14342. 

14343, C2. 

14344, C3. 



14345. 



14346. 

14347, C2. 



03876. 



14348. 



07313. 



14349. 



14350. 



14351. 



04543. 



00978. 



02789. 



03424. 



07311. 



02400. 



14352. 

14353, C2. 

14354, C3. 

14355, C4. 

14356, C5. 

14358, C6. 



03875. 



14363. 



14359. 

14360, C2. 

14361, C3. 

14362, C4. 



14364. 



14365. 



14366. 



14367. 



14368. 



14369. 



14370. 



14371. 



14372. 



14373. 

14374, C2. 



14375. 



14376. 



14377. 



14378. 



01752. 



07272. 



04530. 



01727. 



00694. 



04522. 



01716. 



02810. 



01715. 



01717. 



10289. 



03872. 



05143. 



01432. 



01967. 



01433. 



02772. 



10101. 



03874. 



15052. 



15054. 



15053. 



15055. 



16827. 



30295. 



31404. 



31403. 



14146. 



14147. 



14148. 



14149. 



14150. 



14151. 



14152. 

14153, C2. 

14154, C3. 



14155. 



14156. 

14157, C2. 



07221. 



01439. 



01784. 



14158. 



14159. 



14160. 



14161. 



14162. 



14163. 



14164. 



14165. 



14166. 



14167. 



07731. 



07724. 



14168. 

14169, C2. 



14170. 

14171, C2. 



14204. 



15058. 



15059. 



15060. 



14241. 

14242, C2. 



14243. 



14244. 

14245, C2. 



14246. 



14247. 



14248. 



14249. 



14250. 

14251, C2. 

14252, C3. 



14253. 



14254. 



14255. 

14256. 



14257. 



14258. 

14259, C2. 



14260. 

14261, C2. 

14262, C3. 



14263. 



14264. 



14265. 



01699. 



01758. 



14266. 



34375. 



01997. 



00598. 



02839. 



01468. 



02687. 



04508. 



02688. 



03864. 



14128. 



14129. 



14130. 



14131. 



03501. 



03865. 



07741. 



15061. 



15062. 



12418. 



16246. 



20457. 



22398. 



22502. 



30884. 



01529. 



02771. 



03377. 



29999. 



14196. 



14197. 



02812. 



14183. 



14184. 



14185. 



14186. 



09184. 



04519. 



04526. 



00434. 



02838. 



10356. 



03387. 



09296. 



04529. 



02848. 



10354. 



34397. 

34398, C2. 



15162. 



20459. 



22457. 



22679. 



23909. 



23910. 



23911. 



23912. 



23913. 



27684. 



29996. 



30394. 



30817. 



30818. 



30819. 



14198. 



04524. 



16829. 



04070. 



14199. 



14200. 



14201. 



31405. 



14202. 



14203. 



14205. 



14206. 



14207. 



14208. 



14209. 



14210. 



14211. 

14212, C2. 

14213, C3. 



14214. 



14215. 



14216. 



14217. 



14218. 



15063. 



15064. 



15065. 



15066. 



15067. 



15167. 



16247. 



16240. 



16241. 

16242, C2. 



16257. 



21519. 



29997. 



14127. 



00457. 



00456. 



00681. 



00682. 



01465. 



01467. 



01755. 



01761. 



01966. 



02667. 



02802. 



02803. 



02804. 



02806. 



02809. 



02840. 



02903. 



03433. 



04496. 



02808. 



04498. 



04504. 



07453. 



07696. 



07710. 



07742. 



09237. 



09248. 



09473. 



09475. 



09476. 



14132. 



14133. 



14134. 



14137. 



14141. 



14142. 



14143. 



14181. 



14182. 



14645. 

14646, C2. 



15072. 



15073. 



15074. 



22687. 



31136. 



01749. 



02575. 



02902. 



04505. 



04507. 



10088. 



10099. 



14135. 



14144. 



14145. 



30296. 



31134. 



10644. 



31406. 



31425. 



31407. 



31408. 



31409. 



31410. 



31428. 



31429. 



31430. 



31420. 



31419. 



31412. 



31418. 



31414. 



31413. 



31415. 



31411. 



31417. 



31422. 



31416. 



31421. 



31427. 



31426. 



01585. 



31423. 



31435. 



31424. 



31468. 



31462. 



31139. 



14090. 



04513. 



14091. 



14092. 



02846. 



15068. 



15069. 



06587. 



30821. 



31000. 



31132. 



31473. 

31474, C2. 



31138. 



31125. 



14172. 



02845. 



31437. 



31452. 



31450. 



31449. 



31479. 



31480. 



31478. 



31481. 



31477. 



31476. 



31475. 

37890, C2. 



31472. 



31484. 



31482. 



31483. 



31485. 



31507. 



31503. 



31506. 



31508. 



31509. 



31510. 



31511. 



31512. 



31486. 



31518. 



31540. 



31513. 



31546. 



31532. 



31520. 



31539. 



31515. 



31517. 



31519. 



31528. 



31529. 

31609, C2. 



31534. 



31542. 



31547. 

31606, C2. 



31530. 



31541. 



31545. 



31543. 



31516. 



31524. 



31527. 



31521. 



31522. 



31523. 



31544. 



13683. 



31526. 



31549. 



31548. 

31608, C2. 



31531. 



31556. 



31487. 



31488. 



31490. 



31492. 



31494. 



31493. 



31496. 



31497. 



31491. 



31489. 



31498. 



31501. 



31500. 



31499. 



31502. 



14093. 



04509. 



14094. 



03885. 



14095. 



04512. 

07268, C2. 



01388. 



01877. 



04511. 

37287, C2. 



07294. 



09298. 



01786. 



01995. 



04500. 



01964. 



01021. 



04521. 



10097. 



04510. 



03867. 

07271, C2. 



07305. 



15170. 



22676. 



30609. 



30861. 



01413. 

01412, C2. 



02798. 



03882. 



09250. 



01963. 



04495. 



04177. 



00826. 



01553. 



04528. 



01965. 



09297. 



07306. 



03884. 



03733. 



14096. 



22675. 



30347. 



30348. 



30349. 



30498. 



30957. 



10028. 



38538. 

39600, C2. 



01753. 



02781. 



02800. 



07275. 



09292. 



01750. 



10100. 



01748. 



10225. 



03895. 



10025. 



07295. 



09295. 



04506. 



10417. 



07269. 



03925. 



02799. 



02106. 



01982. 



14584. 



09300. 



04499. 



07274. 

02805, C2. 



02849. 



00455. 



07769. 



09243. 



09242. 



03354. 



10355. 



10419. 



02850. 



04497. 



04515. 



04516. 



01994. 



33930. 



02847. 



04514. 



09415. 



03879. 



14108. 



14109. 



14111. 



14110. 



14112. 



14113. 



14114. 



14115. 

14116, C2. 



14117. 



14118. 



14119. 



14120. 



14121. 



03866. 



21508. 



09474. 



22688. 

37288, C2. 



14180. 



01464. 



00443. 



03859. 



03857. 



03856. 



03858. 



01276. 



02801. 



03863. 



14097. 

14103, C2. 



14098. 



14099. 



14100. 



14101. 



14102. 



14104. 



14105. 



14106. 



14107. 



14174. 



14175. 



14176. 



14177. 



03860. 



03499. 



14187. 



16251. 



16243. 



30859. 



14178. 



14179. 



10357. 



01876. 



04525. 



15070. 



09299. 



22689. 



22692. 



30395. 



04275. 



31083. 



21509. 



01466. 



01751. 



01875. 



03723. 



03873. 



07576. 



09249. 



14136. 



30860. 



31082. 



31137. 



31439. 



30862. 



10416. 



01317. 



01985. 



14139. 



14140. 



09293. 



21512. 



31140. 



31142. 



10380. 



03427. 



10407. 



07251. 



10172. 



10171. 



04518. 



07252. 



20464. 



04503. 



00454. 



09294. 



01983. 



10098. 



04501. 



09239. 



14122. 



14123. 

14124, C2. 



14125. 



14126. 



09464. 



14173. 



03861. 



10026. 



15071. 



22693. 



30863. 



31135. 



03868. 



31554. 



31551. 



31568. 



31576. 



31580. 



31550. 



31553. 



31577. 



31567. 



31578. 



31579. 



31552. 



14138. 



31133. 



31569. 



31570. 



31571. 



31572. 



31573. 



31565. 



31566. 



31575. 



31587. 



31588. 



31590. 



31591. 



31592. 



31585. 



31589. 



31593. 



31594. 



31586. 



31583. 



31603. 



31605. 



31604. 



31582. 



31584. 



31581. 



31069. 



31026. 



31607. 



30943. 



31595. 



31601. 



31597. 



31596. 



31600. 



31599. 



31598. 



31602. 



31680. 



31674. 



31679. 



31675. 

31676, C1. 



31677. 

31678, C1. 



31671. 



31669. 



31672. 



31670. 



31668. 



31687. 



31661. 



31662. 



31663. 



31664. 



31665. 



31666. 



31673. 



31722. 



31721. 



31729. 



31730. 



31727. 



31726. 



31728. 



31741. 



31695. 



31731. 



31739. 



31740. 



31690. 



31707. 



31701. 



31702. 



31692. 



31699. 



31624. 



31696. 



31688. 



31703. 



31711. 



31744. 



31743. 



31745. 



31742. 



31723. 



31725. 



31724. 



31747. 



31746. 



31748. 



31749. 



31750. 



31787. 



31779. 



31780. 

35762, C2. 



31781. 



31782. 

32924, C2. 



31720. 



31719. 



31759. 

31760, C2. 



31758. 



31761. 



31757. 



31769. 



31771. 



31772. 



31773. 



31774. 



31775. 



31776. 



31777. 



31778. 



31766. 



31770. 



31767. 



31765. 



31768. 



31795. 



31753. 



31798. 



31752. 



31755. 



31802. 



31801. 



31800. 



31805. 



31804. 



31803. 



31618. 



31614. 



31613. 



31610. 



31616. 



31611. 



31615. 



31617. 



20181. 



31612. 



31791. 



31818. 



31822. 



31819. 



31799. 



31792. 



31793. 



31790. 



31817. 



31816. 



31815. 



31825. 



31827. 



31824. 



31826. 



31820. 



31823. 



31141. 



04089. 



04090. 



16454. 



16455. 



16456. 

16460, C2. 

16461, C3. 

16462, C4. 



16457. 

16458, C2. 

16463, C3. 



16459. 



16464. 

16466, C2. 

16467, C3. 



16465. 



16468. 

16469, C2. 



16470. 



16471. 

16472, C2. 



16477. 

16478, C2. 

16480, C3. 

16482, C4. 

16483, C5. 

16484, C6. 

16487, C7. 

16488, C8. 

16489, C9. 



16479. 

16486, C2. 



16481. 

16490, C2. 



16485. 



16475. 



16476. 



16491. 

16499, C2. 



16492. 



16493. 



16494. 

16495, C2. 

16498, C3. 



16496. 

16500, C2. 



16497. 



16501. 



16502. 



16503. 



09284. 



16504. 

16505, C2. 

16507, C3. 

16509, C4. 

16510, C5. 

16527, C6. 

16532, C7. 



16508. 



16506. 



16473. 

16474, C2. 



16511. 

16512, C2. 

16513, C3. 



16514. 

16515, C2. 



16516. 

16525, C2. 



16517. 



04085. 

16526, C2. 



16518. 



16519. 



16520. 



16521. 



16522. 

00963, C2. 



16523. 

16533, C2. 



16524. 



16528. 



16529. 



16530. 



16531. 



09183. 



09220. 



15178. 



15157. 



16534. 



16535. 



02737. 



07280. 



00809. 



31845. 



07700. 

14451, C2. 



31862. 



31863. 



31866. 



31851. 



31859. 



31860. 



31864. 



31846. 



31858. 



31857. 



31844. 



31841. 



31856. 



31843. 



31840. 



31842. 



31847. 



31853. 



31855. 



31854. 



31868. 



31869. 



31867. 



16805. 



16806. 



16807. 



16808. 



16809. 



16810. 



16811. 



16812. 



16813. 



16814. 



16815. 



16816. 



16817. 



16818. 



16819. 



16820. 



16821. 



16822. 



16823. 



16824. 



16825. 



16826. 



03168. 



11781. 



03159. 



03160. 



03161. 



01424. 



16623. 

16624, C2. 

16625, C3. 



16626. 

16627, C2. 

16628, C3. 

16629, C4. 



03167. 



03164. 



16630. 

16657, C2. 

16658, C3. 

16659, C4. 

16662, C5. 



03163. 



16631. 



16632. 



16633. 



16634. 



16635. 



16636. 



16637. 

16638, C2. 



16639. 

16640, C2. 



16641. 



16642. 



16643. 



16644. 



16645. 



16646. 

16647, C2. 



16648. 



16649. 



16650. 



16651. 



16652. 



16653. 



16654. 



16660. 



16661. 



16663. 



16664. 



16665. 



21467. 



21466. 



16666. 



31464. 



16667. 

16668, C2. 



16669. 

17774, C2. 



16670. 

16671, C2. 



04560. 



04561. 



04562. 



04563. 



04565. 



04566. 



16656. 



16672. 



30281. 



30282. 



31693. 



30284. 



31783. 



31465. 



07411. 



07406. 



07404. 



07410. 



07402. 



07413. 



07408. 



07407. 



07409. 



07403. 



07412. 



07699. 



07698. 



07405. 



16707. 



16708. 



16709. 



16710. 



16711. 



16712. 



16713. 



16714. 



16715. 



16716. 



16717. 



16718. 



16719. 



16720. 



16721. 



16722. 



16723. 



16724. 



16725. 



16726. 



16727. 



16728. 



16673. 



01706. 



09442. 



10164. 



16674. 

16675, C2. 



16677. 



16678. 



10162. 



10163. 



07270. 



16679. 



16680. 



16681. 



01710. 



03162. 

03194, C2. 



16682. 



16683. 



16684. 



16685. 



10165. 



16686. 



16687. 



16688. 

16689, C2. 



16690. 



31457. 



31505. 



31557. 



16676. 



10402. 



16691;

16692, C2. 



16693;

16694, C2. 

16695, C3. 

16696, C4. 

16697, C5. 



00693. 



16698. 



16699. 



16700. 



16702. 

16703, C2. 



16701. 



16704. 

16705, C2. 



16706. 



31216. 



31447. 



31559. 



30807. 



15183. 

15185, C2. 

15186, C3. 

15187, C4. 

15188, C5. 

15184, C6. 



15189. 



15190. 

15191, C2. 

15192, C3. 



15193. 



31882. 



31883. 



31884. 



31878. 

31879, C2. 



31885. 



31875. 



31877. 



31876. 



01713. 



03923. 



31886. 



31874. 



31890. 



31891. 



31893. 



31892. 



31900. 



31901. 



31898. 



31899. 



31895. 



31896. 



31917. 



31906. 



31908. 



31909. 



31907. 



31916. 



31915. 



31918. 



31921. 



31920. 



31919. 



31922. 



31923. 



31943. 



31944. 



31945. 



31946. 



31947. 



31962. 



31961. 



31960. 



31967. 



31968. 



31969. 



31963. 



31965. 



31964. 



31966. 



31974. 



31975. 



31976. 



31950. 



31978. 



31952. 



31953. 



31954. 



31955. 



31959. 



31957. 



31948. 



31956. 



31949. 



31958. 



31977. 



31951. 



31979. 



31990. 



31972. 



31973. 



31971. 



31970. 



31984. 



31980. 



31989. 



31981. 



31982. 



31985. 



31983. 



31988. 



31986. 



31987. 



31994. 



31996. 



31997. 



31998. 



32003. 



31999. 



32009. 



32006. 



32008. 



32004. 



32011. 



32002. 



32001. 



32014. 



32015. 



32016. 



32018. 



32024. 

32025, C2. 

32075, C3. 



32027. 



32043. 



32045. 



32046. 



32050. 



31441. 



15194. 



15195. 

15202, C2. 

15205, C3. 



15196. 



15197. 



15198. 



15199. 

15200, C2. 



15204 



15201. 



03878. 



03877. 



15206. 



15207. 



16729. 



31458. 



31574. 



32070. 



32071. 



32072. 



32066. 



32073. 



32085. 



32086. 



32087. 



32084. 



32081. 



32083. 



32088. 



16730. 



16731. 



16732. 



16733. 

16734, C2. 



16735. 



16736. 



16737. 



07557. 



16738. 



16739. 



16740. 



16741. 



16742. 



16743. 



16744. 



16745. 



16746. 



16747. 



16748. 



16749. 



16750. 



16751. 



16752. 



16753. 



16754. 



16755. 



16756. 



16757. 



16768. 



16778. 



16769. 



16770. 



16771. 



16772. 



16773. 



16774. 



16775. 



16776. 



16777. 



16779. 



16780. 



16781. 



16782. 



16758. 



16760. 



16761. 



16759. 



16762. 



16763. 



16764. 



16765. 



16766. 



16767. 



32090. 

32091, C2. 



32089. 



32094. 



32095. 



32096. 



32092. 



32093. 



32097. 



03165. 



16783. 



16784. 



16785. 



16786. 



16787. 



07729. 



16788. 



16789. 



16790. 



16791. 



16792. 



09180. 

03898, C2. 



16793. 



16794. 

16798, C2. 



16795. 



16796. 



16797. 

16804, C2. 



03869. 



16799. 

16800, C2. 



16801. 



16802. 



16803. 



20465. 



31121. 



30002. 



31710. 



15225. 



15208. 

15209, C2. 



15210. 



15211. 



15212. 

15218, C2. 

15221, C3. 

15241, C4. 



15213. 

15214, C2. 

15215, C3. 

15216, C4. 

15217, C5. 

15223, C6. 

15224, C7. 



15219. 

15220, C2. 

18729, C3. 

15222, C4. 



15203. 



15230. 

15231, C2. 



15232. 



15234. 



29833. 



15235. 



02712. 



15226. 



15227. 



15236. 

15240, C2. 



15237. 



15238. 



15239. 



15228. 

15229, C2. 



10092. 



15242. 

15243, C2. 

15244, C3. 

15245, C4. 



15246. 

15247, C2. 

15248, C3. 



15250. 

15252, C2. 



15251. 

15253, C2. 



15254. 



15249. 



03425. 



15255. 



15256. 



15257. 

15258, C2. 

15260, C3. 



15259. 

15263, C2. 

15264, C3. 

15265, C4. 



15261. 

15266, C2. 



15262. 



01700. 



15267. 



15168. 



30386. 



32105. 



32147. 



32160. 



32159. 



15559. 

15560, C2. 



15561. 



15562. 



15563. 

15564, C2. 



15566. 



15569. 



15570. 



15571. 



15573. 



15575. 



15565. 



15568. 



15576. 



15572. 



15577. 



15578. 



10151. 



15579. 



10024. 



15567. 



15580. 



15581. 



15582. 

15583, C2. 

15584, C3. 

15585, C4. 



15586. 

15587. 



15588. 

15589, C2. 

15590, C3. 

15591, C4. 



15592. 



15593. 



15594. 



15595. 



15596. 

01873, C2. 

03754, C3. 



07304. 



10091. 



03753. 



15597. 



15598. 



15599. 



01955. 



15600. 



15601. 



15602. 



15603. 

15604, C2. 



04551. 



04552. 



15605. 



15606. 



15607. 



15608. 



03383. 



04094. 



15609. 



15610. 



15611. 



15612. 



15613. 



04549. 



04550. 



01953. 



15614. 



15615. 



15616. 



15617. 



01958. 



02738. 



15618. 



15619. 



15620. 



04540. 

01960, C2. 



15621. 



04539. 



04541. 



03169. 



15622. 



15623. 

15624, C2. 



15625. 



09286. 



15626. 

15627, C2. 



15628. 



15629. 



15632. 



15633. 



15634. 



15635. 



15637. 



15638. 



04548. 



15639. 



15640. 



15641. 



15643. 



15644. 



15645. 



15646. 



15647. 



15648. 



15649. 



15653. 



15654. 



15650. 



15651. 



15652. 



01957. 



01479. 



01959. 



12417. 



30278. 



15558. 



32232. 



32234. 



15545. 



32233. 



15546. 



15557. 



15556. 



32221. 



32227. 



32228. 



15445. 



32229. 



32235. 



30189. 



15531. 



32230. 



15527. 



15528. 



21465. 



15457. 



15515. 



15514. 



15521. 



15516. 



30196. 



15520. 



15523. 



15534. 



15529. 



15532. 



15510. 

15511, C2. 



15513. 



15519. 



15518. 



15526. 



15525. 



15517. 



15506. 



15512. 



15509. 



15508. 



07266. 



15533. 



15642. 



15446. 



15547. 



15522. 



15505. 



15554. 

15555, C2. 



15537. 



15538. 



15540. 



15550. 

15549, C2. 



15539. 



15535. 



15548. 



15552. 

15551, C2. 



15553. 



15543. 



15536. 



15544. 



15541. 



15542. 



15524. 



16828. 



15442. 

15443, C2. 



32231. 



01954. 



15530. 



30899. 



30900. 



31174. 



31536. 



31538. 



31712. 



31713. 



31751. 



31848. 



28266. 

28267, C2. 



28219. 

28223, C2. 

28224, C3. 



28205. 



28312. 



28316. 



28365. 

28364, C2. 

28366, C3. 

28367, C4. 

28368, C5. 



15448, 

15447, C2. 

15449, C3. 



15473, 

15472, C2. 

15471, C3. 

15470, C4. 

15469, C5. 

15738, C6. 



15475, 

15737, C2. 

15474, C3. 

15476, C4. 



15484. 



15453. 



15450. 



15489. 



15461 



15492. 



15496. 



15486. 



15493. 



15483. 



15451. 

15452, C2. 



30193. 



15741. 

15490, C2. 



15466. 



21470. 



15465. 

35530, C2. 



15745. 



15479. 

15478, C2. 



15468, 

15502, C2. 

15504, C3. 

15467, C4. 



15746 



15487. 



15500. 

15501, C2. 



15488. 



15494. 



15482. 



15499. 

15480, C2. 



15485. 



15460. 



15503. 



30980. 

31865, C2. 



10160. 



10161. 



09287. 



15743. 



31168. 



31170. 



10376. 



30194. 



15463. 



15491. 



15477. 



10159. 



12430. 



00814. 



00823. 



10373. 



15459. 

15458, C2. 



15462. 



15166. 



04544. 



15481. 



10374. 



10342. 



09289. 



10403. 



30881. 



30893. 



30901. 



32155. 



10401. 

09304, C2. 



16252. 



15495. 



04535. 



15455. 

15456, C2. 



07357. 



10399. 



15454. 



04537. 



10154. 

12429, C2. 



10400. 



07573. 



15438. 



03170. 



15444. 



15440. 



15436. 



15435. 

15747, C2. 



15439. 



15636. 



15441. 



15437. 



04538. 



07799. 



15631. 



15497. 



15630. 



30004. 



30346. 



15498. 



31456. 



31537. 



31682. 



10408. 



10409. 



20462. 



20458. 



21510. 



21507. 



22684. 



22678. 



22690. 



24479. 

30606, C2. 



24480. 



24481. 



24482. 



30294. 



30388. 



30390. 



30820. 



30979. 



31436. 



31444. 



31704. 



31789. 



31894. 



31992. 



15507. 



14269. 

14270, C2. 

14271, C3. 



14272. 

14274, C2. 



14273. 



14275. 

14276, C2. 

14277, C3. 

14278, C4. 



14279. 



14280. 



14281. 



14282. 

14283, C2. 

14284, C3. 



04345. 



14286. 

14287, C2. 



14288. 

14289, C2. 



14285. 

14290. 



14291. 



14292. 



14293. 



14295. 



14296. 



14297. 



14298. 



14299. 



01058. 



12420. 



15155. 



15159. 



15160. 



15156. 



15161. 



15154. 



15150. 



15158. 



16245. 



22685. 



22686. 



22691. 



27681. 



27738. 



10406. 



30195. 



04344. 



12419. 



14238. 



15077. 



15078. 



15079. 

15080, C2. 

15081, C3. 

15082, C4. 

15083, C5. 

15084, C6. 



15085. 



15086. 



15087. 



15088. 



15089. 



15090. 



15091. 



15092. 

15093, C2. 



15094. 

15095, C2. 

15096, C3. 



15097. 



16830. 



16831. 



04385. 

01335, C2. 



16248 



16250. 



21511. 



21471. 



22683. 



22681. 



30067. 



30293. 



30343. 



30345. 



32237. 



30351. 



30391. 



30875. 



30892. 



31122. 



31440. 



31453. 



31454. 



31455. 



31445. 



31667. 

32793, C2. 



31448. 



31681. 



32017. 



31700. 

31797, C2. 



31852. 



31887. 



31991. 



31995. 



32000. 



32098. 



32099. 



31888. 



31463. 



31691. 



31697. 



31698. 



31732. 



31737. 



31754. 



31784. 



31821. 



31889. 



15354. 



15355. 

15356, C2. 



00964. 



15357. 



15358. 

15360, C2. 

15359, C3. 



15361. 



15362. 



07281. 



02740. 



15363. 



15371. 

15370, C2. 



15364. 

15365, C2. 

15366, C3. 



15367. 

15368, C2. 

15369, C3. 



15374. 



07348. 



15372. 

15373, C2. 



15375. 



15376. 



15377. 



15378. 



15379. 



00821. 



15396. 



00982. 



15380. 



15381. 



15382. 



15383. 



15384. 



00813. 



15385. 



15386. 



15387. 



15388. 



15389. 



15390. 



15392. 



15393. 



00815. 



10158. 



09288. 



09285. 



02692. 



15391. 



01956. 



16196. 



30302. 



30866. 



31560. 



10377. 



15316. 



07287. 



07284. 



15397. 



15398. 



15399. 



15400. 



15401. 



15402. 



15403. 



15404. 



15405. 



15406. 



15407. 



15408. 



15409. 



15410. 



15411. 



15412. 



15413. 



15414. 



15415. 



15416. 



31785. 



31849. 



31535. 



15740. 



15739. 



09305. 

10155, C2. 



04071. 



15742. 



15744. 



30937. 

30758, C2. 



31015. 



07291. 



16254. 



16255. 



15268. 



15269. 



15271. 



15276. 



15270. 



15272. 



15273. 

15274, C2. 



15277. 



15278. 



15279. 



15280. 



15275. 



15281. 



02717. 



07288. 



01480. 



15282. 



15283. 



10153. 



00439. 



15284. 



00436. 



15285. 



00435. 



15286. 

15287, C2. 

15288, C3. 



15290. 



07349. 



15291. 

15292, C2. 

15293, C3. 

15294, C4. 

15295, C5. 

15296, C6. 

15297, C7. 



01707. 



15289. 



00818. 



10379. 



15298. 



10198. 



15299. 



15300. 

15301, C2. 



15302. 

15303, C2. 

15304, C3. 



07350. 

09185, C2. 



15305. 

15306, C2. 



15307. 

15308, C2. 

15309, C3. 

15310, C4. 

15311, C5. 

15322, C6. 



15312. 



02690. 

04075, C2. 



04073. 



15313. 



15314. 



15315. 



03422. 



15317. 



15318. 



15319. 



15320. 



15321. 



15323. 

15324, C2. 



15325. 



31123. 



31495. 



31504. 



31558. 



31734. 



31735. 



15394. 



15395. 



15326. 



15327. 

15333, C2. 



04074. 



15328. 



15329. 



15330. 



15331. 

15332, C2. 



00437. 



10378. 



07347. 



15334. 



29998. 



15335. 

15336, C2. 

15337, C3. 

15338, C4. 



15339. 



15341. 



04069. 



15342. 



15343. 



09290. 



10167. 



10168. 



10166. 



15344. 



30003. 



15346. 

15347, C2. 

15348, C3. 

15349, C4. 

15345, C5. 



15350. 



10238. 



04076. 



15351. 



15352. 



04072. 



15434. 



15353. 



07279. 



10157. 



09178. 



14471. 

14472, C2. 

14473, C3. 

14474, C4. 



14475. 

14476, C2. 

14477, C3. 

14478, C4. 



14479. 

14480, C2. 

14481, C3. 



14482. 



07516. 



14483. 

14484, C2. 

14485, C3. 

14486, C4. 

14487, C5. 



14488. 

14489, C2. 

14490, C3. 



14491. 

14492, C2. 



14493. 



14494. 



14495. 



14496. 



14497. 

14498, C2. 



14499. 



10358. 



09302. 



14500. 



14501. 



14502. 



14504. 



14505. 



14503. 



14506. 



14507. 



14508. 



14509. 



14510. 



14511. 



01857. 



15037. 



15038. 



15039. 



15040. 



16832. 



15041. 



15169. 



15172. 



15171. 



16253. 



30192. 



30000. 



29995. 



30065. 



30066. 



30071. 



30587. 



30887. 



14379. 



14380. 



14382. 



14381. 



14383. 

14384, C2. 

14385, C3. 



14386. 

14387, C2. 



14388. 

14389, C2. 



14390. 



14391. 



14392. 



14393. 



14394. 



14395. 



14396. 



14397. 

14398, C2. 



14399. 



14400. 



01783. 



02721. 



02720. 



10240. 



07283. 



14401. 



15042. 



15043. 



15044. 



15045. 



15046. 



15047. 



15048. 



15049. 



15050. 



15051. 



20463. 



30869. 



14226. 



14219. 



00985. 



00986. 



00984. 



14222. 

14221, C2. 



14223. 



14220. 



14224. 



14225. 



14227. 

00979, C2. 



14228. 



14229. 



14230. 



14231. 



14232. 



14233. 



14234. 



14235. 



14236. 



14237. 



14239. 



14240. 



14300. 



14301. 



14302. 



14303. 



14304. 



14305. 



14306. 

14317, C2. 



14307. 



14308. 



14309. 



14310. 



14311. 



14312. 



14313. 



14315. 



14316. 



14314. 



14318. 



04078. 



00980. 



02736. 



16839. 



16840. 



14740. 

14738, C2. 

14739, C3. 



14741. 



14742. 



14743. 



14745. 



14746. 



14744. 



14747. 



14748. 

03423, C2. 



14749. 



09643. 



14750. 



07217. 



14751. 



07224. 



14752. 



14753. 



01483. 



14754. 

14757, C2. 

14758, C3. 



14755. 



14756. 



14759. 

14760, C2. 



14761. 



14763. 

14764, C2. 



14765. 



14766. 



14767. 

14768, C2. 



14769. 



14770. 



14771. 



14772. 



02716. 



01440. 



14762. 



14773. 



14718. 



00974. 



14720. 

14721, C2. 



14722. 

14723, C2. 



14724. 

14725, C2. 



14726. 

14727, C2. 

14728, C3. 

14729, C4. 

14730, C5. 



14719. 



14731. 



14732. 



14734. 



14733. 



14735. 



14736. 



16844. 



16845. 



16846. 



16847. 



16848. 



16849. 



16850. 



16851. 



16852. 



22397. 



37914, VOL 2. 



32082. 



32156. 



01711. 



10170. 

10239, C2. 



14853. 

14855, C2. 

14856, C3. 



14854. 



14860. 

14861, C2. 



14857. 



14858. 



00440. 



14859. 



14862. 



04084. 



14863. 



01705. 

01984, C2. 



01478. 



04092. 



14864. 



14865. 



12421. 



22458. 



30886. 



31163. 



31451. 



31705. 



03100. 

02689, C2. 



14866. 

14867, C2. 

14868, C3. 

14869, C4. 



14870. 

14871, C2. 

14872, C3. 



14873. 



01701. 



14874. 



14875. 



14876. 



14877. 



22682. 



27685. 



30611. 



31796. 



14700. 



14701. 



14702. 



14703. 



03101. 



14704. 



02714. 



14705. 



14706. 

14707, C2. 



14709. 

14708, C2. 



14710. 



14711. 



14712. 



14713. 



04276. 



14714. 



00825. 



04082. 



00824. 



14715. 



14717. 

14716, C2. 



32174. 



32177. 



32178. 



32173. 



32179. 



32175. 



32172. 



32176. 



32181. 



32169. 



32170. 



32182. 



32183. 



32201. 

32202, C2. 

34294, C3. 



32191. 



32193. 

32194, C2. 



32196. 



32190. 



32213. 



32197. 



32200. 



32187. 



32186. 



32205. 



32206. 



32207. 



32209. 



32210. 



32208. 



32211. 



32204. 



32215. 



32216. 



32217. 



15024. 

15025, C2. 



31081. 



30344. 



32245. 



32246. 



32247. 



32248. 



32250. 



32249. 



32251. 



32252. 



32288. 



32285. 



32284. 



32286. 



32287. 



32282. 



32283. 



32298. 



32293. 



32294. 



32300. 



32302. 



32301. 



32297. 



32291. 



32296. 



32295. 



32290. 



32292. 



32289. 



32299. 



32277. 



32269. 



32256. 



32275. 



32255. 



32257. 



32258. 



32278. 



32303. 



32265. 



32264. 



32272. 



32281. 



32280. 



32276. 



32279. 



32344. 



32345. 

34340, C2. 



32347. 



32346. 



32348. 



32349. 



32341. 



32342. 



32343. 



32351. 



32352. 



32304. 



32307. 



32305. 



32306. 



32308. 



32353. 



32354. 



32355. 



32357. 



32319. 



32320. 



32324. 



32325. 



32326. 



32321. 



32312. 



32316. 



32309. 



32310. 



32311. 



32314. 



32263. 



32329. 



32261. 



32317. 



32318. 



32323. 



32327. 



32328. 



32322. 



32373. 



32397. 



32380. 



32379. 



32381. 



32375. 



32376. 



32377. 



32378. 



32374. 



32372. 



32371. 



32369. 



32367. 



32361. 



32362. 



32363. 



32365. 



32364. 



32366. 



00965. 



01044. 



02791. 



12422. 



14448. 

14449, C2. 



14426. 



14455. 

14456, C2. 



14459. 

15022, C2. 

15019, C3. 



14460. 



14469. 



15015. 



15028. 



15021. 



15029. 



30279. 



15020. 



32399. 



32398. 



03871. 



04357. 



10398. 



12426. 



14402. 



14405. 



14427. 



14432. 



14447. 



14457. 



14452. 



15030. 



14462. 



15032. 



15036. 



22819. 



21518. 



30981. 



14404. 

14403, C2. 



14442. 



14443. 



15031. 



01462. 



14406. 



01481. 



02666. 



03694. 



09437. 



14410. 



14407. 



14436. 



14463. 



15027. 



15033. 



15034. 



04520. 



31124. 



10021. 

10169, C2. 



14408. 



14409. 



14419. 



31173. 



32171. 

34931, C2. 



01708. 



02574. 



02739. 



14412. 

14413, C2. 

14414, C3. 



14415. 



14420. 

14421, C2. 



14416. 

14417, C2. 

14418, C3. 

15013, C4. 



14428. 

14430, C2. 



15017. 



02844. 



30870. 



01020. 



01709. 



02837. 



04523. 



03421. 



04382. 



07293. 



07611. 



07292. 



12423. 



12427. 



14422. 



14423. 

14424, C2. 

15016, C3. 



14425. 



14464. 

14465, C2. 



14467. 

14468, C2. 



15035. 



31446. 



03883. 



07734. 



32350. 



14458. 



14461. 



14470. 



22399. 



15018. 



27728. 



31126. 



31736. 



31127. 



32358. 



32359. 



32360. 



32242. 



32270. 



32271. 



32273. 



32274. 



32408. 



32434. 



32427. 



32437. 



32438. 



32431. 



32425. 



32429. 



32428. 



32430. 



32436. 



32426. 



32439. 



32422. 



32420. 



32424. 



32441. 



32442. 



32445. 



32447. 



32450. 



32448. 



32446. 



32440. 



32443. 



32449. 



32444. 



32433. 



32452. 



32453. 



32435. 



32457. 



32460. 



32470. 



32461. 



32456. 



32459. 



32462. 



32467. 



32465. 



32458. 



32466. 



32471. 



32455. 



32212. 



32482. 



32474. 



32475. 

32950, C2. 



32476. 



32477. 



32478. 



32472. 



32473. 



32662. 



32646. 



32655. 



32645. 



32488. 



32484. 



32491. 



32496. 



32495. 



32498. 



32486. 



32483. 



32494. 



32490. 



32485. 



32493. 



32497. 



32511. 



32510. 



32507. 



32516. 



32517. 



32529. 



32523. 



32524. 



32503. 



32499. 



32521. 



32522. 



32500. 



32515. 



32508. 



32513. 



32527. 



32530. 



32525. 



32502. 



32505. 



32512. 



32520. 



32519. 



32487. 



32509. 



32528. 



32514. 



32504. 



32506. 



32501. 



32526. 



32492. 



32489. 



32551. 



32536. 



32537. 



32533. 



32531. 



32552. 



32532. 



32534. 



32541. 



32550. 



32535. 



32545. 



32542. 



32547. 



32546. 



32544. 



32696. 



32539. 



32540. 



32538. 



32549. 



32548. 



32691. 



32693. 



32689. 



32692. 



32690. 



32702. 



32710. 



32711. 



32708. 



32707. 



32709. 



32698. 



32705. 



32703. 



32706. 



32704. 



32721. 



32697. 



32699. 



32700. 



32701. 



32712. 



00040. 



32715. 



32714. 



32713. 



32720. 

34265, C2. 



32728. 



32739. 



32742. 



32744. 



32743. 



32722. 



32723. 



32724. 



32725. 



32727. 



32733. 



32734. 



32731. 



32732. 



32737. 



32746. 



32749. 

32750, C2. 

35823, C3. 



32751. 



32752. 



34396. 



14774. 



14775. 



04086. 



14776. 



14777. 



03166. 



14778. 



03880. 



14779. 

14780, C2. 



14781. 



04083. 



14782. 



14783. 



14784. 



14785. 



10027. 



14786. 



14787. 



14788. 



14789. 



14790. 



14791. 



14792. 



14793. 



14794. 



14795. 



00819. 



30608. 



30612. 



14796. 

14797, C2. 

14798, C3. 

14799, C4. 

14800, C5. 

14801, C6. 

14802, C7. 

14803, C8. 



14804. 



14805. 

14806, C2. 



07289. 



01475. 



14807. 



14808. 

14809, C2. 



14810. 



04547. 



04088. 



10156. 



00966. 



14811. 



14812. 



04087. 

04533, C2. 



30389. 



30392. 



01702. 



14832. 



14833. 



14834. 



14836. 

14837, C2. 



14838. 

14839, C2. 

14843, C3. 



00820. 



14840. 



14841. 



14842. 



14850. 



14848. 



14849. 



02691. 



01477. 



14851. 



14831. 



14844. 

14846, C2. 



14845. 



14847. 



14835. 



14852. 



10405. 



14818. 



14813. 

14814, C2. 



01476. 



00441. 



14819. 

14820, C2. 

14821, C3. 



14823. 

14816, C2. 

14817, C3. 



14824. 



14826. 



14822. 



14825. 



14815. 



04091. 



14827. 



14828. 

14829, C2. 

14830, C3. 



31215. 



31689. 



14944. 



14878. 

14879, C2. 



07286. 



14896. 



14880. 

14881, C2. 

14882, C3. 

14883, C4. 

14885, C5. 



00981. 



14886. 



14887. 



14888. 



07467. 



14889. 



14884. 



14890. 



14891. 



04093. 



14892. 

14893, C2. 

14894, C3. 



14895. 



14910. 



14903. 



14908. 



14909. 



14918. 



14897. 



14898. 

14899, C2. 



14900. 



03105. 



14904. 



14911. 

14912, C2. 



14917. 

14920, C2. 



14916. 



14915. 



14914. 



14913. 



14986. 



14907. 

14906, C2. 



14901. 



14919. 



14905. 



14902. 



14925. 



14942. 



14921. 



14922. 

14923, C2. 



04350. 



14926. 

14927, C2. 



14928. 



14935. 



14929. 



14932. 



14933. 



14934. 



14936. 



14931. 



14938. 



14939. 



14941. 



14930. 



14985. 



14940. 



14937. 



14943. 



14924. 



14946. 



14947. 



14585. 



14948. 



14949. 



00438. 



14955. 



14951. 



14956. 



14957. 

14958, C2. 

14959, C3. 

14960, C4. 

14961, C5. 



14966. 



14967. 



14952. 



01703. 



14962. 



14950. 



14963. 



14953. 



14964. 



14954. 



14968. 

14969, C2. 

14981, C3. 

14983, C4. 



14965. 



14970. 



14975. 



14976. 



14978. 



14979. 



14984. 



14982. 



14987. 



14988. 



07355. 



14989. 



14971. 

14972, C2. 



00816. 



07466. 



14990. 



14991. 



14977. 



14992. 



14973. 



14993. 



14994. 



34395. 



14974. 



14980. 

15003, C2. 



14995. 



09397. 



09438. 



01704. 



14998. 

14999, C2. 

15000, C3. 



15001. 

15002, C2. 



15004. 

15005, C2. 

15006, C3. 

15007, C4. 



09398. 



14996. 

14997, C2. 



15008. 



15009. 



15010. 



15011. 



15012. 



04384. 



16244. 



22396. 



30605. 



31169. 



31290. 



32315. 



07315. 

07316, C2. 



16553. 

16556, C2. 



16554. 

16555, C2. 



16557. 

16558, C2. 



16559. 

16560, C2. 

16561, C3. 

16562, C4. 

16563, C5. 



02700. 



16577. 



16581. 



16586. 

16587, C2. 

16588, C3. 



16593. 

16594, C2. 

16595, C3. 



16609. 

16619, C2. 



16612. 

16622, C2. 



16613. 

16614, C2. 

16615, C3. 

16616, C4. 



16618. 



16620. 



04358. 



07320. 



16564. 

16565, C2. 



16566. 

16567, C2. 

16568, C3. 

16569, C4. 

16570, C5. 

16571, C6. 



16572. 



16573. 



16579. 



16578. 



16580. 



16582. 



16583. 



16584. 



16604. 

16605, C2. 

16606, C3. 

16607, C4. 

16608, C5. 



22680. 



30904. 



31555. 

32407, C2. 



31561. 



31850. 



02651. 



04383. 



02670. 

16617, C2. 



07343. 



16536. 

16537, C2. 



16538. 

16539, C2. 



16589. 

16590, C2. 

16591, C3. 

16592, C4. 



16596. 



16597. 



16598. 

16602, C2. 

16601, C3. 



16600. 

16599, C2 



16610. 

16611, C2. 



02617. 

02618, C2. 



16540. 

16541, C2. 

16542, C3. 

16544, C4. 

16545, C5. 

16546, C6. 

16547, C7. 

16548, C8. 

16549, C9. 

16550, C10. 

16543, C11. 



16551. 

16552, C2. 



16575. 



32543. 



02620. 



07258. 



07321. 



04277. 



09303. 



15165. 



16574. 



16576. 



16585. 



16621. 



32726. 



31788. 



32753. 



32754. 



32755. 



32773. 



32764. 



32763. 



32768. 



32762. 



32770. 



32771. 



32772. 



32761. 



32769. 



32756. 



32757. 



32758. 



32759. 



32760. 



16866. 



16867. 

16868, C2. 



16869. 



16870. 



16871. 



01874. 



16872. 



16873. 



16874. 



16875. 



16876. 



16877. 



16878. 



16879. 



16880. 



04564. 



16881. 



07598. 



07568. 

02811, C2. 



16882. 



16883. 



16884. 



16885. 



16886. 



17747. 



17474. 



16888. 



20454. 



30617. 



16889. 



03426. 



16890. 



16892. 

16893, C2. 



16894. 



04426. 



16895. 



16896. 



16897. 



16898. 



16899. 



16900. 

16901, C2. 

16902, C3. 



14189. 



17356. 



17573. 



03106. 



16906. 



16891. 



16909. 



16908. 



16907. 



16910. 



16911. 



16912. 



16913. 



16914. 



16915. 



16916. 



22491. 



30275. 



30618. 



30619. 



30188. 



16917. 



16918. 

16919, C2. 



16920. 

16937, C2. 



03099. 



16921. 



16922. 



16923. 



16924. 



16925. 



16926. 



16928. 



16929. 

16930, C2. 



16931. 



16932. 

16933, C2. 



16935. 



04419. 



16936. 



16938. 

16939, C2. 



30613. 



30614. 



32313. 



16998. 



17023. 

17024, C2. 



17025. 



16960. 

16961, C2. 



16962. 



16963. 



16964. 



16965. 



16966. 



16967. 



16968. 



16969. 



16970. 



16972. 



16973. 



03091. 

03090, C2. 



03786. 



16974. 



16975. 



04420. 



16976. 

16977, C2. 



03690. 



16978. 



16979. 



16971. 



21468. 



07691. 



01057. 



16942. 



16943. 



16945. 



16946. 

16947, C2. 



16940. 



16948. 

16949, C2. 



16951. 



16953. 



04425. 



16944. 



16952. 



16954. 



16955. 



16956. 



01048. 



16957. 



16959. 



17001. 

17002, C. 



17003. 

17004, C2. 



17014. 



17013. 



17016. 



17019. 



31459. 



31460. 



32368. 



10173. 



04274. 



17997. 



17998. 



18004. 

18005, C2. 

18006, C3. 



03089. 

03088, C2. 



18009. 



18012. 

18013, C2. 

18014, C3. 

18015, C4. 

18016, C5. 

18017, C6. 

18018, C7. 

18019, C8. 



18020. 

18021, C2. 

18022, C3. 



18023. 



18024. 



18010. 



18011. 



16853. 



17999. 

18000, C2. 

18001, C3. 

18002, C4. 

18003, C5. 



18025. 



18007. 

18008, C2. 



20456. 



20452. 



20451. 



22492. 



30342. 


