
30350. 



30396. 



30397. 



30874. 



32241. 



02669 



07342. 



17087. 



17089 



17092 



17093 



17086. 

17090, C2 



17094. 



17085. 

17088, C2. 

17091, C3 



15163. 



22400. 

22401, C2. 



30283. 



17101. 



17125. 

 



17152. 

17154, C2. 

17153, C3. 



07220. 



17127. 



17126. 



02402. 



17131. 



17100. 



17079. 



17134. 



17104. 

17114, C2. 

17105, C3. 



17111. 

17119, C2. 



17015. 



17120. 

17116, C2. 

17117, C3. 

17115, C4. 



17108. 



17107. 

17112, C2. 

17109, C3. 

17110, C4. 



17106. 



17118. 

17128, C2. 



31217. 

31296, C2. 



17011. 



17018. 



17132. 



17084. 



17123. 



17143. 



17144. 



17142. 



17140 



17133. 



17137. 



17151 



17150. 

17155, C2 tbw 24-06-2011. 



04261. 



17102. 



31120. 



17157. 

17082, C2. 



17124. 

17122, C2. 



17129. 



17121. 



00969. 



17064. 



17073 



17071 



17068. 

17070, C2. 

17069, C3. 

17067, C4. 

17074, C5. 

17077, C6. 

17072, C7. 

17066, C8. 

17078, C9. 

17075, C10 



17065 



02731 



10152. 



17020. 

17021, C2. 



17059. 

17060, C2 



03087. 

03086, C2. 

02783, C3. 

02782, C4. 



07183. 

07182, C2. 



17141. 



17099. 



17061. 

17063, C2 



17076 



17130. 

17097, C2 



17095. 

17096, C2 



17062 



09179 



17113 



16980. 



16982. 



16983. 



16984. 

16985, C2. 

16986, C3 



03103. 



16987. 

16988, C2. 

16989, C3. 

16990, C4 



16991 



04416. 



16992. 



16993. 



16994. 



16995. 



16991. 



16997. 



16999. 



17000. 



10371. 



16927. 



20453. 



27699. 



31733. 



16950. 



16958. 



17022. 



17139. 



04260. 



17012. 



05791. 

05790, C2. 



17006. 

17007, C2. 

17008, C3. 



07344. 



17009. 



17010. 



10397. 



20450. 



30387. 



30864. 



30868. 



31218. 

31295, C2. 



31443. 



31461. 



32214. 



32267. 



17027. 



17028. 



17029. 



17030. 



17031. 



17032. 



17033. 

17035, C2. 



17036. 



17040. 



01420. 



17042. 



17034. 



17043. 

17044, C2. 



17037. 



17038. 

17039, C2. 



17045. 



17046. 



17048. 



17049. 



17050. 



04417. 



17051. 



17041. 



17052. 



17053. 



17054. 



17055. 



03092. 



17056. 



03104. 



17047. 



17026. 



17057. 



17058. 



17135. 



27698. 



30616. 



32791. 



32795. 

35445, C2. 



32266. 



22503. 



30001. 



32738. 



32735. 



32792. 



31873. 



32796. 



32797. 



32798. 



32799. 



32800. 



32801. 



32804. 



32802. 



32803. 



32807. 



32806. 



32805. 



32808. 



32809. 



32816. 



32815. 



32818. 



32823. 



32824. 



32821. 



32820. 



32819. 



32817. 



32831. 



32830. 



32828. 



32829. 



32826. 



32825. 



32827. 



32832. 



32833. 



32834. 



32874. 



32855. 



32885. 



32891. 



32862. 



32883. 



32847. 



32888. 



32896. 



02668. 



32865. 



32981. 



32861. 



32872. 



32880. 



32878. 



32846. 



32849. 



32850. 



32882. 



32892. 



32877. 



32881. 



32894. 



32889. 



32851. 



32876. 



32853. 



32890. 



32852. 



32863. 



32875. 



32884. 



32856. 



32869. 



32854. 



32887. 



32864. 



32867. 



32857. 



32858. 



32859. 



32860. 



32868. 



32870. 



32871. 



32873. 



32893. 



32836. 



32842. 



32835. 



32843. 



32837. 



32838. 



32841. 



32839. 



33002. 



32995. 



32994. 



32998. 



32845. 



32964. 



32996. 



32993. 



32997. 



32999. 



33000. 



33001. 



32904. 



32898. 



32903. 



32901. 



32900. 



32979. 



32982. 



32905. 



32902. 



32897. 



32895. 



32978. 



32980. 



32983. 



32947. 



32948. 

32949, C2. 



32945. 



32943. 



32944. 



32946. 



32866. 



32899. 



32906. 



32907. 



32985. 



32989. 



32990. 



32986. 



32942. 



32988. 



32991. 



32987. 



32984. 



32941. 



32992. 



32974. 



32928. 



32909. 



32931. 

34348, C2. 



32969. 



32922. 



32966. 



32968. 



32919. 



32920. 



32967. 



32911. 



32965. 



32939. 



32938. 



32908. 



32917. 



32921. 



32929. 



32930. 



32934. 



32936. 



32971. 



32973. 



32970. 

33572, C2. 



32918. 



32925. 



32926. 



32935. 



32932. 



32910. 

32972, C2. 



32976. 



32912. 



32914. 



32916. 



32923. 



32915. 



32913. 



32927. 



32975. 



32940. 



22388. 



32822. 



00967. 

01469, C2. 



01698. 



01779. 



01780. 



04185. 



04280. 



07454. 



10020. 



14029. 



14034. 

14035, C2. 



14046. 



14047. 



14048. 



30393. 



30607. 



30610. 



30759. 



32185. 



32240. 



32268. 



32553. 



01785. 



02601. 



10022. 



14053. 



14056. 



22827. 



30572. 



31562. 



32518. 



16842. 



14071. 



14076. 



31438. 



31442. 



31786. 



31794. 



31993. 



32421. 



32432. 



32469. 



32848. 



14688. 



14080. 



04178. 



30822. 



30871. 



30955. 



31706. 



31709. 



32463. 



32464. 



32468. 



07322. 



04428. 



09240. 



14086. 



15056. 



32423. 



09301. 



32844. 



32840. 



04188. 



05262. 



05261. 



05265. 



05260. 



05213. 



05283. 



04408. 



02841. 



07312. 



04203. 



05241. 



05146. 



14630. 



05224. 



05144. 

04999, C2. 



05202. 



05199. 



05296. 



05297. 



05154. 



14325. 



05211. 



04694. 



05124. 



04195. 



02833. 



05159. 



07299. 



20442. 



23916. 



22814. 



30178. 



04886. 



15918. 



31102. 



10282. 



05266. 



05267. 

05268, C2. 



27733. 



02094. 



30337. 



30336. 



30335. 



03693. 



30592. 



30595. 



30598. 



30600. 



30601. 



30602. 



30748. 



30765. 



30766. 



31100. 



31099. 



31101. 



31087. 



31207. 

31208, C2. 

31209, C3. 

31210, C4. 

31211, C5. 

31212, C6. 

31213, C7. 

31214, C8. 



31431. 



31433. 



31563. 



31564. 



31763. 



32333. 



32811. 



32814. 



01038. 



04222. 



04207. 



04204. 



31685. 



31861. 



31870. 



31910. 



31911. 



32067. 



32331. 



15966. 



05129. 



01871. 



07298. 



05138. 



05258. 



02101. 



07301. 



04230. 



04371. 



01545. 



05292. 



05237. 



03785. 



05232. 



15968. 



31683. 



31762. 



32339. 



32340. 



32356. 



32813. 



05295. 

06794, C2. 



05315. 



05298. 



05310. 



05314. 



06757. 



10263. 



09342. 



05303. 



05160. 



05240. 



05161. 



09343. 



05308. 



05302. 



05288. 



16186. 



22421. 



22420. 



22411. 



22410. 



26980. 



22403. 



05255. 

05194, C2. 



05235. 

05220, C2. 



05112. 



05217. 



27730. 



05153. 



30423. 



15960. 



32389. 



30298. 



10293. 



10294. 



10295. 



09340. 



15969. 



15970. 



05157. 



05254. 



07254. 



05263. 



30133. 



09139. 



09137. 



09350. 



09138. 



30518. 



30519. 



30745. 



30746. 



30764. 



31684. 



05286. 



05280. 



05279. 



05277. 



04229. 



05293. 



05278. 



05274. 



05275. 



05299. 



07253. 



04201. 

35831, C2. 



04231. 



05285. 



05291. 



05273. 



05290. 



05284. 



05132. 



05282. 



04213. 



05455. 



04405. 



30164. 



04710. 



09346. 



05122. 



05126. 



05110. 

22419, C2. 



05117. 



15958. 



15959. 



05106. 



10283. 



05135. 



10290. 



04221. 



05115. 



05125. 



04189. 



05116. 



02401. 



07208. 



04409. 



04410. 



04411. 



05133. 



05107. 



05109. 



05114. 



04225. 



04227. 



04228. 



09136. 



09142. 



04558. 



04557. 

16187, C2. 



04559. 



09347. 



09354. 



09135. 



09140. 



09141. 



04220. 



04218. 



10286. 



09365. 



09364. 



10288. 



09363. 



09349. 



04224. 

09356, C2. 



04223. 



04553. 



09348. 



04554. 

22425, C2. 



04556. 



04555. 



05201. 

05200, C2. 

05215, C3. 



05216. 



09344. 



10284. 



04397. 



05111. 



05108. 



05221. 



05209. 



09361. 



09359. 



09362. 



09360. 



09345. 



10285. 



04187. 



05223. 



09357. 



15967. 



05270. 



22428. 



22427. 



22426. 



22424. 



26985. 



26982. 



26981. 



26983. 



23917. 



26984. 



27732. 



30128. 



30129. 



30126. 



30125. 



31871. 



31912. 



31434. 



07255. 



07215. 



05137. 



05123. 



05225. 



04214. 



05156. 



05155. 

05152, C2. 



05118. 



05119. 



05120. 



05130. 



05121. 

09352, C2. 



01025. 



04198. 



03886. 



04412. 



04226. 



15961. 



02093. 



04210. 



05158. 



09355. 



15963. 

15962, C2. 



10292. 



07209. 



07207. 



09408. 



04194. 



04193. 



05257. 



05230. 



05229. 

05252, C2. 

05198, C3. 



15964. 

05203, C2. 



06366. 



05150. 



04192. 



05197. 



05148. 



05222. 

05226, C2. 



05227. 



05147. 



05208. 



05149. 



22431. 



22432. 



22433. 



05136. 



05134. 



22796. 



05234. 



01304. 



30586. 



30749. 



30750. 



30432. 



31432. 



31686. 



31764. 



31914. 



32412. 



05316. 



09202. 



04211. 



05309. 



10287. 



05312. 

05301, C2. 



05139. 

05140, C2. 



05313. 



15965. 



05127. 



05131. 



04398. 



07231. 



05317. 



05300. 



04703. 



05272. 



05271. 



05264. 



05269. 



05305. 



05287. 



05451. 



33091. 



32951. 



32955. 



32956. 



32959. 



32961. 



32963. 



32954. 



32958. 



32960. 



32957. 



32952. 



32953. 



32962. 



33006. 



33019. 



33020. 

37939. 



33025. 

33026, C2. 



33029. 

33030, C2. 



33027. 

33028, C2. 



33031. 

33032, C2. 



33033. 

33034, C2. 

35144, C3. 



33023. 

33024, C2. 

34568, C3. 



33018. 



33003. 



33005. 



33016. 



33017. 



33007. 



33008. 



33095. 



33094. 



33093. 



33098. 



33097. 



33099. 



33100. 



33101. 



33102. 



33103. 



33105. 



33106. 



33107. 



33108. 



33109. 



33110. 



33111. 



33104. 



33112. 



33113. 



33114. 



05043. 



03241. 



05289. 



05057. 



05052. 



05069. 



05058. 

15977, C2. 



05051. 



05250. 



15976. 



05044. 



05042. 



05060. 



05056. 

05046, C2. 

15978, C3. 



05053. 



05055. 



05256. 



05030. 



05031. 



05061. 



03233. 



02614. 



05035. 



05037. 



05036. 



05038. 



05039. 



05040. 



05050. 



05054. 



05059. 



05049. 



05033. 



05032. 



05034. 



05068. 



05091. 

05092, C2. 

05094, C3. 

05093, C4. 



05096. 



05103. 



02082. 



05101. 



05084. 



05083. 



05104. 



05078. 

05062, C2. 



05064. 



05079. 



05085. 



03243. 



05081. 



05082. 



05088. 



05067. 



05075. 

05077, C2. 



05070. 



15979. 



05073. 

05072, C2. 



05098. 



05099. 



05089. 



05076. 



05100. 



05063. 



05066. 



05074. 



05097. 



05090. 



05095. 



05087. 



15980. 



05071. 



05065. 



05102. 



02615. 



05045. 



15981. 



05048. 



05080. 



02820. 



22444. 



05860. 



30521. 



30520. 



04929. 



04930. 



02102. 



04927. 



02813. 



04924. 



04926. 



04923. 



04922. 



04215. 



04925. 



02815. 



04921. 



04918. 



04928. 



04920. 



04917. 



04915. 



04919. 



01723. 



04913. 



04912. 



04872. 



04914. 



04907. 



15971. 



04910. 



04972. 



05591. 



04911. 



04909. 



04908. 



04905. 

04906, C2. 



02863. 



04979. 



04903. 



04992. 



04998. 



15972. 

04904, C2. 



04931. 



04901. 



04900. 



04932. 



04933. 



04934. 



04935. 



04936. 



04937. 



04938. 



04939. 



04940. 



04941. 



04942. 



04943. 



04944. 



04945. 



04946. 



04947. 



04948. 



04949. 



04950. 



04951. 



04952. 



04953. 



04954. 



04956. 



04957. 



04958. 



04959. 



04960. 



04961. 



04962. 



04963. 



04955. 



15973. 



04219. 



15974. 



04966. 



05041. 



04985. 



04993. 



04991. 



04984. 



04978. 



04965. 



04989. 



04990. 



04996. 



04964. 



04970. 

04969, C2. 

04971, C3. 



04975. 

04976, C2. 



04982. 



05029. 



05589. 



02829. 



04980. 



04997. 

04981, C2. 



04968. 

04967, C2. 



04987. 



04986. 



04973. 

 



04974. 



04983. 



05007. 



02814. 



02868. 



05000. 



15975. 



04916. 



05590. 



05027. 



05012. 



05006. 



05026. 



05008. 



05024. 



04994. 



05010. 



05023. 



05022. 



05014. 



05004. 



05003. 



04988. 



05020. 



04995. 



05017. 



05011. 



02832. 



05021. 



05009. 



05015. 



05025. 



05028. 



05016. 



05005. 



02828. 



05001. 



05013. 



02867. 



05018. 

05019, C2. 



05002. 



33124. 



33125. 



33126. 



33127. 



33128. 



33132. 



33133. 



33134. 



33136. 



33135. 



33138. 



33130. 



33129. 



33137. 



33131. 



33117. 



33153. 



33149. 



33152. 



33144. 

35732, C2. 



33140. 



33148. 



33145. 



33147. 



33142. 



33146. 



33143. 



33141. 



33150. 



33151. 



33154. 



33155. 



33156. 



33157. 



33158. 



33159. 



33160. 



33161. 



33192. 



33193. 



33189. 



33190. 



33191. 



33167. 



33172. 



33173. 



33170. 



33169. 



33168. 



33166. 



33164. 



33165. 



33162. 



33163. 



33171. 



33194. 



33195. 



33196. 



33197. 



33198. 



33199. 



33200. 



33229. 



33205. 



33204. 



33201. 



33208. 



33206. 



33202. 



33203. 



33207. 



33226. 



33227. 



33224. 



33228. 



33223. 



33225. 



33244. 



33240. 



33243. 



33241. 



33242. 



33222. 



33221. 



33218. 



33219. 

34330, C2. 



33220. 



33230. 



33231. 



33250. 



33232. 



33235. 



33236. 



33234. 



33237. 



33233. 



33239. 



33238. 



33246. 



33247. 



33249. 



33248. 



33245. 



33179. 



33181. 



33180. 



33182. 



33217. 



33210. 



33213. 



33211. 



33215. 



33212. 



33216. 



33214. 



33259. 



33261. 



33262. 



33263. 



33264. 



33265. 



33266. 



33267. 



33268. 



33269. 



33293. 



33294. 



33295. 



33257. 



33258. 



33252. 



33253. 



33254. 



33255. 



33260. 



33291. 



33292. 



33296. 



33297. 



33298. 



33301. 



33299. 



33300. 



33302. 



33251. 



33256. 



33285. 



33286. 



33287. 



33282. 



33283. 



33284. 



33277. 



33281. 



33279. 



33280. 



33278. 



33274. 



33276. 



33275. 



32933. 



33303. 



33304. 



33305. 



33308. 



33270. 



33271. 

35446, C2. 



33272. 



33273. 



33307. 



33288. 



33289. 



33290. 



33455. 



33456. 



33464. 



33465. 



33458. 



33446. 



33454. 



33444. 



33447. 



33443. 



33453. 



33445. 



33459. 



33457. 



33460. 



33461. 



33463. 



33462. 



33448. 



33449. 



33451. 



33450. 



33452. 



33475. 



33476. 



33467. 



33477. 



33469. 



33473. 



33472. 



33470. 



33466. 



33474. 



33468. 



33471. 



33478. 



33479. 



33480. 



33481. 



33482. 



33483. 



33484. 



33486. 



33487. 



33488. 



33489. 



33491. 



33492. 



33490. 



33493. 



33485. 



33502. 



33503. 



33504. 



33505. 



33506. 



33507. 



33515. 



33516. 



33517. 



33518. 



33519. 



33520. 



33521. 



33522. 



33543. 



33524. 



33508. 



33525. 



33526. 



33527. 



33529. 



33528. 



33616. 



33544. 



33542. 



33535. 



33546. 



33536. 



33537. 



33538. 



33545. 



33617. 



33565. 



33568. 



33571. 



33567. 



33566. 



33569. 

34258, C2. 



33547. 



33549. 



33548. 

33780, C2. 



33550. 



33552. 



33551. 



33553. 



33554. 



33555. 



33556. 



33557. 



33558. 



33559. 



33560. 



33561. 



33576. 



33509. 



33578. 



33573. 



33570. 



33574. 



33577. 

34347, C2. 



33580. 



33584. 



33581. 



33582. 



33394. 



33510. 



33511. 



33512. 



33513. 



33514. 



33539. 



33540. 



33541. 



33579. 



33624. 



33626. 



33627. 



33623. 



33628. 



33622. 



33618. 



33619. 



33620. 



33625. 



33629. 



33630. 



33614. 



33615. 



33613. 



33612. 



33621. 



30280. 



23608. 



23609. 



23605. 



23613. 



16655. 



23612. 



23607. 



23610. 



23606. 



23597. 

23599, C2. 



23602. 



23596. 



23598. 



23604. 



23600. 



07317. 



16249. 



23631. 



23625. 



09241. 



30604. 



30883. 



30903. 



23601. 



23611. 



33641. 



33594. 



33591. 



33592. 



33593. 



33589. 



33587. 



33596. 



33597. 



33595. 

36461, C2. 



33643. 



33642. 



33586. 



33588. 



33644. 



33646. 



33928. 



33929. 



33683. 



33718. 



33697. 



33693. 



33694. 



33691. 



33692. 



33679. 



33702. 



33715. 



33706. 



33711. 



33660. 



33653. 



33650. 



33648. 



33649. 



33655. 



33656. 



33665. 



33699. 



33701. 



33708. 



33717. 



33714. 



33671. 



33668. 



33669. 



33651. 



33654. 



33703. 



33700. 



33681. 



33687. 



33684. 



33688. 



33675. 



33685. 



33686. 



33710. 



33713. 



33705. 



33707. 



33698. 



33689. 



33690. 



33695. 



33696. 



33652. 



33657. 



33658. 



33670. 



33667. 



33659. 



33673. 



33661. 



33663. 



33662. 



33664. 



33666. 



33677. 



33716. 



33678. 



33704. 



33712. 



33672. 



33674. 



33676. 



33709. 



33680. 



17734. 



17728. 



17765. 



17768. 



17773. 



17357. 



17585. 



17630. 



17688. 



17701. 



17743. 



17753. 



17770. 



17601. 



17611. 



17612. 



17616. 



17621. 



17623. 



17631. 



17636. 



17689. 



17718. 



17724. 



17751. 



01049. 



02207. 



17445. 



17471. 



17534. 



17760. 



17762. 



17763. 



17771. 



17772. 



07692. 



17488. 



17489. 



17490. 



17491. 



17470. 



17482. 



17584. 



17593. 



17602. 



17617. 



17703. 



17716. 



17717. 



17722. 



17757. 



17418. 



17417. 



17424. 



17426. 



17428. 



17429. 



17431. 



17432. 



17434. 



17441. 



17421. 



17419. 



17422. 



17423. 



17383. 



17389. 



17392. 



17394. 



17399. 



17406. 



17408. 



17413. 



17410. 



17390. 



17393. 



17400. 



17402. 



17403. 



17404. 



17405. 



17407. 



17409. 



17411. 



17412. 



17414. 



17627. 



17574. 



17493. 



04421. 



17442. 



17443. 



17446. 



17451. 



17452. 



17453. 



17454. 



01421. 



01986. 



17455. 



17456. 



17458. 



17457. 



17459. 



17461. 



17462. 



17463. 



17479. 



17483. 



17484. 



17775. 



17486. 



17571. 



17572. 



17580. 



17599. 



17625. 



17643. 



17713. 



17704. 



17714. 

17715, C2. 



17720. 



17726. 



17732. 



17657. 



17658. 



17569. 



17676. 



17679. 



17681. 



17696. 



17692. 



17697. 



17628. 



17667. 



17671. 



17675. 



17678. 



17684. 



17685. 



17690. 



17691. 



17695. 



17698. 



17699. 



04418. 



17168. 



04422. 



17159. 

17160, C2. 



17161. 

17163, C2. 



17164. 



17165. 



17169. 

17237, C2. 

17255, C3. 



17170. 



17171. 



17172. 

17208, C2. 

17224, C3. 



17174. 



17177. 



17178. 



17180. 



17183. 

17192, C2. 



17185. 



17184. 



17194. 



17197. 



17209. 



17218. 



17227. 



17233. 



17236. 



17239. 

17377, C2. 



17243. 



17245. 



17259. 



30615. 



17200. 



17201. 



17204. 



17176. 



17466. 



33720. 



33721. 



33722. 



33719. 



33782. 

34673, C2. 



33785. 



33783. 



33787. 



33778. 



33730. 



33731. 



33728. 



33736. 



33724. 



33733. 



33738. 



33737. 



33723. 



33732. 



33735. 



33727. 



33729. 



33725. 



33726. 



33734. 



33748. 

34664, C2. 



33746. 



33752. 



33754. 



33765. 



33766. 



33751. 



33745. 



33742. 



33743. 



33747. 



33753. 



33769. 

34255, C2. 



33781. 



33750. 



33740. 



33739. 



33741. 



33767. 



33760. 



33744. 



33749. 



33756. 



33755. 

34331, C2. 



33768. 



33773. 



33763. 



33762. 



33777. 



33784. 



33776. 



33775. 



33786. 



33788. 



33774. 



33779. 



33790. 



33791. 



33789. 



33761. 



33764. 



33770. 

35757, C2. 



33771. 



33772. 



33792. 



33590. 



33585. 



33813. 



33809. 



33800. 



33802. 



33796. 



33799. 



33798. 



33797. 



33806. 



33855. 



33803. 



33804. 



33808. 



33807. 



33810. 



33852. 



33853. 



33805. 



33814. 



33854. 



33822. 



33811. 



33851. 

35065, C2. 

35066, C3. 



33801. 



33795. 



33793. 



33794. 



33839. 



33831. 



33830. 



33849. 



33825. 



33827. 



33823. 



33812. 



33841. 



33835. 



33824. 



33832. 



33838. 



33834. 



33833. 



33837. 



33836. 



33828. 



33816. 



33817. 



33829. 



33818. 



33815. 



33868. 



33867. 

34332, C2. 



17278. 



17319. 



17320. 



17322. 



17323. 



17324. 



17325. 



17328. 



17308. 



17329. 



17330. 



17334. 



17335. 



17337. 



17341. 



17342. 



17344. 



17346. 



17349. 



17355. 



17360. 



17361. 



17365. 



17367. 



17368. 



17369. 



17372. 



17373. 



17376. 



17378. 



17478. 



17379. 



07574. 



07693. 



17196. 



17216. 



17230. 



17247. 



17257. 



17258. 



17280. 



17282. 



17300. 



17304. 



17307. 



17352. 



17581. 



17686. 



17730. 



17560. 



17529. 



17546. 



17539. 



17497. 



17543. 



17509. 



17494. 



17523. 



17223. 



17515. 



17514. 



17240. 



17525. 



17495. 



17500. 

17536, C2. 



17473. 



17528. 



17531. 



17533. 



17535. 



17550. 



17551. 



17566. 



17548. 



17562. 



17564. 



17552. 



17558. 



17567. 



17333. 



17559. 



17554. 



17487. 



17507. 



17508. 



17746. 



17506. 



17530. 



17556. 



17563. 



17540. 



17279. 



17694. 



17545. 

17504, C2. 



17501. 



17505. 



17481. 



17388. 



17524. 



17502. 



17503. 



17499. 



17242. 



17725. 



17212. 



17225. 



17292. 



17286. 



17238. 



17702. 



17343. 



17181. 



17206. 



17244. 



29835. 



17544. 



17526. 



17582. 



17384. 



17415. 



17338. 



17382. 



17381. 



17374. 



17363. 



17327. 



03102. 



17287. 



00419. 



17391. 



17191. 



17386. 



17387. 



17712. 



17232. 



17331. 



17321. 



17229. 



17199. 



17166. 



07618. 



32042. 



17289. 



17294. 



17281. 



17311. 



17283. 



17301. 



17316. 



17290. 



04470. 



17313. 



17284. 



17295. 



17310. 



17339. 



17234. 



17215. 



14192. 



04761. 

15914, C2. 



04751. 



04750. 



04760. 



04743. 



04731. 



04732. 



04736. 



15915. 



04730. 



15906. 



15905. 

04806, C2. 



04746. 

15913, C2. 



04819. 

15912, C2. 



04737. 



04744. 



04742. 



15911. 



04738. 



04720. 

04735, C2. 



04755. 

04721, C2. 



04719. 



04722. 



04723. 



04734. 



04820. 



04726. 



04724. 



04754. 



04725. 



04733. 



22818. 



30131. 



30138. 



30155. 



30140. 



30150. 



30183. 



15940. 



09252. 



04753. 



04763. 



04758. 



04774. 



05675. 



07210. 



07211. 



04756. 



04404. 



04757. 



04821. 



06548. 



04781. 



04747. 



04748. 



15910. 



15909. 



04727. 



04740. 



07302. 



15907. 



15908. 



04688. 



07303. 



04608. 



04684. 



04685. 



04232. 



02835. 



02834. 



04197. 



04372. 



04654. 



22423. 



04660. 



04582. 



04687. 



27731. 



04609. 



04659. 



04120. 



04665. 



04672. 



04668. 



04671. 



04664. 

04663, C2. 



04670. 

04662, C2. 



04787. 

04667, C2. 



04789. 

04666, C2. 



04788. 



04669. 



04783. 



04784. 



04786. 



22872. 



04578. 



02816. 



02817. 



02818. 



02819. 



04652. 



04583. 



06223. 



04661. 



04686. 



04679. 



04656. 



04854. 



04776. 



04853. 



30152. 



30169. 



32068. 



05113. 



10291. 



30166. 



30599. 



30593. 



32334. 



32335. 



04863. 



04870. 



04869. 



04859. 

04892, C2. 

04894, C3. 

04862, C4. 

04889, C5. 



04893. 



04871. 



04866. 



04849. 



04865. 



04861. 



04855. 



09260. 



04852. 



02084. 

02823, C2. 



04860. 



04873. 



04876. 

04875, C2. 



04880. 



04883. 



04885. 

04878, C2. 



04874. 



04884. 



04864. 



04882. 



04200. 



04891. 



04898. 



04644. 



04856. 



04890. 



04858. 



04881. 



30156. 



04899. 



00603. 



04594. 



04647. 



04622. 

04596, C2. 



04636. 



04638. 



15919. 



04570. 



04629. 

04658, C2. 

04642, C3. 



04628. 



04627. 



04635. 



04631. 



04604. 



04626. 



04657. 



04651. 

04648, C2. 



04597. 



04595. 



04634. 



04567. 

04569, C2. 



04630. 

04639, C2. 



04586. 



04593. 



04625. 



04692. 



04620. 



04606. 



04678. 



04650. 



04617. 

04646, C2. 



04599. 



04676. 



04623. 



04571. 

04572, C2. 



04601. 



04621. 



04602. 

04605, C2. 



04649. 



04645. 



04615. 



04619. 



04600. 



04598. 



04616. 



04632. 



04640. 



04592. 



04680. 



02613. 



05192. 



15920. 



16188. 



30154. 



30142. 



30148. 



30176. 



30180. 



30158. 



30161. 



01852. 



04587. 

02929, C2. 



04216. 



04704. 



04574. 



02068. 



04698. 



02091. 

01026, C2. 



02069. 



04403. 



04712. 



04714. 



04701. 



04202. 



01776. 



15922. 



15923. 



04677. 



05212. 



02831. 



02085. 



04848. 



04696. 



04717. 



04697. 



05214. 



04716. 



04590. 



06710. 



04709. 



10353. 



04588. 



04699. 



04715. 



04575. 



04591. 



04112. 



04713. 



04706. 



16068. 



05796. 



15921. 



04217. 



04711. 



02065. 



02063. 



02825. 



04691. 

02087, C2. 



09351. 



02826. 



04413. 



04414. 



04589. 



02067. 

35832, C2. 



06599. 



04702. 



04674. 



02827. 



04705. 



04576. 



04607. 



04793. 



04700. 



04682. 



01532. 



03242. 



22402. 



31806. 



17745. 



17727. 



33757. 



33819. 



33826. 



33863. 



33857. 



01431. 



04759. 



02086. 



04762. 



04778. 

04729, C2. 



04573. 



04752. 



04400. 



04399. 



04406. 



04771. 



03235. 



06709. 



10352. 



04813. 



05218. 



30744. 



04205. 



04707. 

04708, C2. 



31913. 



09353. 



04769. 



04766. 



04681. 



04767. 



04675. 



04773. 



15916. 



15917. 



04765. 



04772. 



03239. 



04818. 



04811. 



04673. 



04812. 



04802. 



04815. 



04798. 



04113. 



04816. 



04114. 



04797. 



04803. 



04792. 



04814. 



04801. 



04749. 



04795. 



07620. 



04838. 



01334. 



04770. 



02074. 



04764. 



04775. 



02081. 



04844. 



01023. 



04718. 



02096. 



04115. 



04785. 



04782. 



04817. 



04618. 



04777. 



02862. 



04800. 



04809. 



04199. 



04846. 



02078. 



04796. 



04780. 



04808. 



02077. 



04791. 



04799. 



32332. 



04790. 



02079. 



04831. 



04794. 



04833. 



04810. 



04768. 



04805. 



04842. 



04822. 



02092. 



03248. 



04828. 



02083. 



04843. 



04830. 



04837. 



04136. 



22413. 



04840. 



04841. 



02724. 



04832. 



22414. 



04834. 



04829. 



03225. 



03246. 



02857. 



04825. 

04823, C2. 



18391. 



04581. 



04839. 



04807. 



04118. 



06515. 



04824. 



04127. 



04847. 



22439. 



22822. 



05879. 



05884. 



05891. 



06061. 



05886. 



05887. 



05882. 



05885. 



06089. 



05892. 



05878. 



05859. 



05855. 



05858. 



05864. 



05856. 



05857. 



05881. 



05880. 



02072. 



05861. 



05863. 



05862. 



02073. 



05865. 



05888. 



04857. 



04851. 



06085. 



06079. 



06081. 



06083. 



06078. 



06077. 



06076. 



06080. 



06074. 



06075. 



06067. 



07766. 



06063. 



06069. 



06056. 



06068. 



06071. 



04613. 

04614, C2. 



06073. 



06072. 



06064. 



06082. 



06065. 



06091. 



07581. 



06066. 



09441. 



15926. 

34304, C2. 



15925. 



15924. 



06060. 



22817. 

22816, C2. 



30173. 



06070. 



03247. 



06094. 



06097. 



06093. 



06095. 



06096. 



06100. 



06103. 



06092. 



06099. 



06101. 



06102. 



06088. 



06086. 



06087. 



06108. 



06105. 



06106. 



06110. 



06109. 



06104. 



06107. 



06180. 



06181. 



06182. 



06183. 



06184. 



06185. 



06186. 



06187. 



06188. 



06189. 



06190. 



06191. 



06192. 



06193. 



06194. 



06195. 



06196. 



06197. 



06198. 



06199. 



06200. 



06201. 



06202. 



06203. 



06173. 



02088. 



06112. 



03742. 



05719. 



06161. 



03912. 



05651. 



05845. 



06179. 



02646. 



02097. 



05889. 



05840. 



05867. 



05831. 



05835. 



06171. 



05838. 



06170. 



06168. 



06130. 



06153. 



02089. 



03244. 



15927. 



02071. 



06209. 



05959. 



05963. 



05447. 



05981. 



03226. 



02645. 



04137. 



06162. 



05750. 



06157. 



06671. 



06119. 



06163. 



06172. 



06165. 



05836. 



05721. 



05848. 



05784. 



05839. 



05844. 



05846. 



02866. 



06169. 

05866, C2. 



05847. 



06158. 



07515. 



30419. 



06217. 



06221. 



06204. 



06205. 



06212. 



06222. 



06211. 



06210. 



06220. 



06218. 



06219. 



06216. 



05854. 



05850. 



05837. 



05851. 



05906. 



05852. 



05842. 



16049. 



05849. 



05829. 



05841. 



05787. 



06154. 



05830. 



06155. 



01060. 



06215. 



05783. 



05922. 



06206. 



05843. 



04888. 

04897, C2. 



22836. 



05439. 



09254. 



06046. 



06050. 



06301. 



05985. 



06052. 

05983, C2. 



03376. 



16053. 



06017. 

05988, C2. 

05984, C3. 



05956. 



05986. 



05987. 



02752. 



05965. 



05976. 



06044. 



05962. 



05961. 



06047. 



06026. 



05957. 



33820. 



03114. 



16069. 



16057. 



07058. 



04103. 



04107. 



03907. 



04095. 



03111. 



04130. 



04131. 



16055. 



06049. 



05948. 



05330. 



05902. 



05607. 



05898. 



05814. 



05919. 



05921. 



06031. 



05804. 

05805, C2. 



05806. 



02648. 



05807. 



05799. 



14644. 



04133. 



05789. 



05788. 



05958. 



05785. 



16052. 



05938. 



05970. 



05817. 



05818. 



05909. 



05821. 



03903. 



05819. 



05908. 



05809. 



05820. 



04401. 



05918. 



12213. 



30019. 



30021. 



06494. 



02860. 



04633. 



06045. 



05967. 



05978. 



04097. 



05917. 



05955. 

05991, C2. 



05893. 



05914. 



05897. 



05915 



07097. 



01034. 



05666. 



06333. 



07048. 



03909. 



03908. 



04104. 



05823. 



05822. 



05782. 



06041. 

06055, C2. 



06053. 



05947. 



07651. 



31073. 



01039. 



05949. 



05952. 



05960. 



05974. 



05969. 



05640. 



03245. 



04123. 



03120. 



02756. 



01519. 



02675. 



02649. 



05975. 



05625. 



05964. 



05950. 



05904. 



02647. 



02767. 



01540. 

05920, C2. 



04101. 



05901. 



01525. 



02095. 



05907. 



02710. 



05432. 



30271. 



05930. 



02655. 



05924. 

06018, C2. 



05925. 



05926. 



09258. 



09257. 



05923. 



06059. 

06028, C2. 



03906. 



06488. 



05900. 



05913. 



05896. 



05894. 



05912. 



05910. 



05911. 



05895. 



05899. 



06048. 



06027. 



05795. 



05797. 



05792. 



05794. 



05803. 



05801. 



06493. 



05793. 



05802. 



06039. 



06038. 



06517. 



05933. 



05932. 



05931. 



05937. 



05936. 



05935. 



05934. 



03124. 



02659. 



05946. 



06054. 

06035, C2. 



03500. 



05824. 



05941. 



02748. 



16054. 



02704. 



02703. 



05825. 



35332. 



05951. 



01033. 



04105. 



04106. 



03112. 



07713. 



05623. 



06042. 



05812. 

05815, C2. 

05808, C3. 



06315. 

05816, C2. 



02830. 



03110. 



05826. 



05828. 



02723. 



06036. 



06040. 



06033. 



05979. 



02892 TBW. 



02859. 



02858. 



05827. 



16051. 



12254. 

03614, C2. 



06032. 



06037. 



02746. 



06492. 



04402. 



06029. 



06560. 



04879. 



33118. 



33119. 



33120. 



33121. 



33821. 



02904. 



16050. 



05972. 



05992. 



06001. 



05990. 



06025. 



05929. 



16056. 



06004. 



01029. 



06003. 



06005. 



05939. 



06022. 



05989. 



05943. 



05997. 



05996. 



05994. 



06002. 



05998. 



05995. 



05942. 



06008. 



06030. 



05945. 



05993. 



06007. 



05927. 



06000. 



15955. 



06006. 



06024. 



05973. 



06021. 



05944. 



05999. 



05811. 



05810. 



33950. 



02893. 



01275. 



05980. 



05813. 



05595. 



05489. 



05639. 



15951. 



03127. 

05515, C2. 

05499, C3. 



05568. 



06802. 



03915. 



09282. 



03916. 



04138. 



05571. 



05465. 



01028. 



05417. 



05468. 



05479. 



05449. 



05487. 



05485. 



05486. 



05510. 



02656. 



05471. 



05493. 



01290. 

03691, C2. 

09404, C3. 



06805. 



06034. 



22417. 



22406. 



22429. 



22415. 



22820. 



04637. 



04643. 



08184. 



30334. 



30594. 



32337. 



02758. 



05460. 



02755. 



09265. 



05905. 



05491. 



05462. 



05507. 



05437. 



05518. 



33840. 



05474. 



05395. 



05527. 



05525. 



05481. 



15953. 

05463, C2. 

05461, C3. 

05464, C4. 



05478. 



05498. 



05501. 



15948. 



05454. 



05456. 



05535. 



05532. 



05475. 



05512. 



05534. 



05459. 



15952. 



05940. 



02674. 



05516. 



32330. 



04835. 



06473. 



04624. 



07225. 



05526. 



05528. 



05472. 



05517. 



05480. 



04603. 



05508. 



02753. 



02671. 



05466. 



05473. 



05502. 



05484. 



05482. 



05483. 



09251. 



03119. 



06869. 



09469. 



01035. 

06831, C2. 



01527. 



06878. 



01523. 



06877. 



06879. 



06876. 



06850. 



06886. 



06849. 



06773. 



05488. 



06292. 



06281. 



06298. 



03118. 



04209. 



06249. 



05457. 



06295. 



06289. 



06294. 



06509. 



02672. 



09278. 



15949. 



09276. 



05503. 



06231. 



01526. 



06267. 



05751. 



06413. 



07522. 



06251. 



06287. 



05673. 



09267. 



06322. 



15950. 



03228. 



09277. 



09280. 



05903. 



22434. 



22435. 



22409. 



22438. 



32336. 



22416. 



05529. 



05495. 



05530. 



05500. 



05504. 



05531. 



04396. 



03910. 



06635. 



05492. 



15984. 



33931. 



22405. 



05567. 



03732. 



30257. 



05560. 



05320. 



05643. 



30262. 



30259. 



15983. 



05559. 

05564, C2. 



05565. 



05574. 



05563. 



15987. 



05575. 



05577. 



05611. 



05646. 



05566. 



05561. 



05581. 



05584. 



05572. 

05573, C2. 



30265. 



30266. 



05586. 



05585. 



05579. 



05587. 



30263. 



05569. 



30175. 



30264. 



05562. 


